1630814404,39.704,71.704
1630814704,39.704,71.704
1630815004,39.704,71.704
1630815304,39.704,71.704
1630815603,39.704,71.704
1630815903,39.704,71.704
1630816204,39.704,71.704
1630816504,39.704,71.704
1630816803,39.704,71.704
1630817103,39.704,71.704
1630817403,39.704,71.704
1630817703,39.704,71.704
1630818004,38.628,70.628
1630818304,39.166,71.166
1630818604,39.704,71.704
1630818903,39.704,71.704
1630819203,39.704,71.704
1630819503,38.628,70.628
1630819803,39.166,71.166
1630820103,39.166,71.166
1630820403,39.704,71.704
1630820703,39.166,71.166
1630821003,39.166,71.166
1630821303,39.166,71.166
1630821603,39.166,71.166
1630821903,39.166,71.166
1630822203,39.166,71.166
1630822503,39.166,71.166
1630822803,38.628,70.628
1630823104,40.78,72.78
1630823404,38.628,70.628
1630823704,39.704,71.704
1630824004,39.704,71.704
1630824304,39.166,71.166
1630824603,39.166,71.166
1630824903,38.628,70.628
1630825203,39.166,71.166
1630825503,39.704,71.704
1630825803,38.628,70.628
1630826103,38.628,70.628
1630826403,39.704,71.704
1630826703,39.704,71.704
1630827003,39.166,71.166
1630827303,39.166,71.166
1630827603,39.704,71.704
1630827904,38.628,70.628
1630828204,38.628,70.628
1630828504,38.628,70.628
1630828804,39.704,71.704
1630829104,38.628,70.628
1630829404,38.628,70.628
1630829704,39.166,71.166
1630830004,39.166,71.166
1630830304,39.166,71.166
1630830604,39.704,71.704
1630830904,39.166,71.166
1630831204,39.704,71.704
1630831504,38.628,70.628
1630831804,39.166,71.166
1630832103,39.704,71.704
1630832403,39.166,71.166
1630832703,39.166,71.166
1630833003,39.704,71.704
1630833304,39.704,71.704
1630833603,39.166,71.166
1630833903,38.628,70.628
1630834203,39.166,71.166
1630834503,39.704,71.704
1630834803,39.166,71.166
1630835103,39.166,71.166
1630835403,39.166,71.166
1630835704,38.628,70.628
1630836005,39.704,71.704
1630836303,39.166,71.166
1630836604,39.704,71.704
1630836904,39.166,71.166
1630837204,39.704,71.704
1630837504,39.704,71.704
1630837804,39.704,71.704
1630838104,39.704,71.704
1630838404,39.166,71.166
1630838704,39.704,71.704
1630839004,39.704,71.704
1630839304,39.704,71.704
1630839604,38.628,70.628
1630839903,39.166,71.166
1630840203,39.704,71.704
1630840503,39.704,71.704
1630840803,40.78,72.78
1630841103,40.242,72.242
1630841403,41.318,73.318
1630841703,40.242,72.242
1630842003,40.78,72.78
1630842303,40.242,72.242
1630842603,41.318,73.318
1630842903,40.78,72.78
1630843203,40.78,72.78
1630843503,40.78,72.78
1630843803,40.242,72.242
1630844103,40.78,72.78
1630844404,40.78,72.78
1630844704,41.318,73.318
1630845004,40.78,72.78
1630845304,41.318,73.318
1630845604,41.856,73.856
1630845904,40.78,72.78
1630846204,40.78,72.78
1630846503,41.318,73.318
1630846803,41.856,73.856
1630847103,41.856,73.856
1630847403,42.394,74.394
1630847703,42.394,74.394
1630848003,42.932,74.932
1630848303,42.932,74.932
1630848603,42.932,74.932
1630848903,42.932,74.932
1630849204,44.007,76.007
1630849504,43.47,75.47
1630849804,42.932,74.932
1630850104,43.47,75.47
1630850404,44.007,76.007
1630850704,42.932,74.932
1630851004,43.47,75.47
1630851304,44.007,76.007
1630851604,43.47,75.47
1630851903,43.47,75.47
1630852203,44.007,76.007
1630852503,44.007,76.007
1630852803,45.084,77.084
1630853103,45.084,77.084
1630853403,45.084,77.084
1630853703,45.084,77.084
1630854003,45.084,77.084
1630854303,44.546,76.546
1630854603,44.546,76.546
1630854903,45.084,77.084
1630855203,44.546,76.546
1630855503,45.084,77.084
1630855803,45.084,77.084
1630856103,45.084,77.084
1630856403,45.084,77.084
1630856703,45.084,77.084
1630857003,45.622,77.622
1630857303,45.084,77.084
1630857603,45.084,77.084
1630857903,45.084,77.084
1630858203,45.084,77.084
1630858503,45.084,77.084
1630858803,45.622,77.622
1630859104,45.084,77.084
1630859404,45.622,77.622
1630859704,45.622,77.622
1630860004,45.622,77.622
1630860304,46.16,78.16
1630860604,46.16,78.16
1630860904,46.16,78.16
1630861204,46.16,78.16
1630861504,46.698,78.698
1630861804,47.236,79.236
1630862104,47.236,79.236
1630862404,47.236,79.236
1630862704,47.236,79.236
1630863004,47.236,79.236
1630863304,47.236,79.236
1630863604,47.236,79.236
1630863904,47.236,79.236
1630864204,47.774,79.774
1630864504,47.774,79.774
1630864804,47.774,79.774
1630865104,47.774,79.774
1630865404,48.312,80.312
1630865704,47.774,79.774
1630866003,48.312,80.312
1630866303,47.774,79.774
1630866603,47.774,79.774
1630866903,48.312,80.312
1630867203,47.774,79.774
1630867503,48.85,80.85
1630867803,48.312,80.312
1630868104,49.388,81.388
1630868404,49.388,81.388
1630868704,48.85,80.85
1630869004,49.388,81.388
1630869304,48.312,80.312
1630869604,48.312,80.312
1630869904,47.774,79.774
1630870203,48.85,80.85
1630870503,47.774,79.774
1630870803,48.312,80.312
1630871103,47.774,79.774
1630871403,47.236,79.236
1630871703,47.236,79.236
1630872003,47.774,79.774
1630872303,47.774,79.774
1630872603,47.236,79.236
1630872903,47.236,79.236
1630873203,47.236,79.236
1630873503,47.236,79.236
1630873804,46.16,78.16
1630874104,46.16,78.16
1630874404,46.16,78.16
1630874704,46.16,78.16
1630875004,46.16,78.16
1630875304,46.16,78.16
1630875604,47.236,79.236
1630875904,46.16,78.16
1630876204,45.084,77.084
1630876504,45.622,77.622
1630876804,46.16,78.16
1630877104,46.16,78.16
1630877404,45.622,77.622
1630877703,46.16,78.16
1630878003,45.622,77.622
1630878303,46.16,78.16
1630878603,45.622,77.622
1630878903,45.084,77.084
1630879203,45.622,77.622
1630879503,45.622,77.622
1630879803,45.622,77.622
1630880103,45.084,77.084
1630880403,45.084,77.084
1630880703,45.084,77.084
1630881003,45.084,77.084
1630881303,45.084,77.084
1630881603,45.084,77.084
1630881903,44.546,76.546
1630882203,45.084,77.084
1630882503,44.007,76.007
1630882803,45.084,77.084
1630883103,44.007,76.007
1630883403,44.546,76.546
1630883703,45.084,77.084
1630884004,44.007,76.007
1630884304,44.007,76.007
1630884604,44.007,76.007
1630884904,45.084,77.084
1630885204,44.007,76.007
1630885504,44.546,76.546
1630885804,45.084,77.084
1630886104,44.546,76.546
1630886404,44.007,76.007
1630886704,45.084,77.084
1630887004,44.007,76.007
1630887304,44.007,76.007
1630887604,44.007,76.007
1630887904,44.546,76.546
1630888204,44.546,76.546
1630888504,44.007,76.007
1630888804,45.084,77.084
1630889103,44.546,76.546
1630889403,45.084,77.084
1630889703,44.007,76.007
1630890003,45.084,77.084
1630890303,44.007,76.007
1630890603,45.084,77.084
1630890903,44.007,76.007
1630891203,44.007,76.007
1630891503,44.007,76.007
1630891803,44.546,76.546
1630892103,44.007,76.007
1630892403,44.007,76.007
1630892703,45.084,77.084
1630893004,44.007,76.007
1630893304,44.007,76.007
1630893604,44.007,76.007
1630893904,43.47,75.47
1630894204,44.546,76.546
1630894504,44.546,76.546
1630894804,44.007,76.007
1630895104,43.47,75.47
1630895404,44.007,76.007
1630895704,44.007,76.007
1630896004,43.47,75.47
1630896304,43.47,75.47
1630896603,44.007,76.007
1630896904,44.007,76.007
1630897203,44.007,76.007
1630897503,43.47,75.47
1630897803,43.47,75.47
1630898104,44.007,76.007
1630898403,42.932,74.932
1630898703,44.007,76.007
1630899003,44.007,76.007
1630899304,42.932,74.932
1630899604,42.932,74.932
1630899904,43.47,75.47
1630900204,43.47,75.47
1630900503,44.007,76.007
