1631419203,42.932,74.932
1631419503,42.932,74.932
1631419803,41.856,73.856
1631420103,42.394,74.394
1631420404,42.932,74.932
1631420703,41.856,73.856
1631421003,41.856,73.856
1631421303,41.856,73.856
1631421603,42.394,74.394
1631421903,41.856,73.856
1631422203,41.856,73.856
1631422503,42.932,74.932
1631422803,42.394,74.394
1631423103,41.856,73.856
1631423403,42.394,74.394
1631423703,42.394,74.394
1631424003,41.856,73.856
1631424303,41.856,73.856
1631424603,41.318,73.318
1631424903,41.856,73.856
1631425203,41.318,73.318
1631425503,41.856,73.856
1631425803,41.318,73.318
1631426103,41.318,73.318
1631426403,41.318,73.318
1631426703,41.318,73.318
1631427003,41.318,73.318
1631427303,41.856,73.856
1631427603,42.394,74.394
1631427903,41.856,73.856
1631428203,41.318,73.318
1631428503,41.856,73.856
1631428803,41.856,73.856
1631429103,41.856,73.856
1631429403,41.318,73.318
1631429703,41.856,73.856
1631430003,41.856,73.856
1631430303,41.318,73.318
1631430603,41.318,73.318
1631430903,41.856,73.856
1631431203,41.856,73.856
1631431503,41.318,73.318
1631431803,41.318,73.318
1631432103,41.856,73.856
1631432403,41.856,73.856
1631432703,41.318,73.318
1631433003,41.318,73.318
1631433304,41.856,73.856
1631433604,40.78,72.78
1631433904,40.78,72.78
1631434204,40.78,72.78
1631434504,40.78,72.78
1631434804,41.318,73.318
1631435104,40.78,72.78
1631435404,41.318,73.318
1631435704,41.318,73.318
1631436004,40.78,72.78
1631436304,40.78,72.78
1631436904,41.318,73.318
1631437204,41.318,73.318
1631437504,40.78,72.78
1631437804,40.78,72.78
1631438104,41.856,73.856
1631438404,40.78,72.78
1631438704,41.318,73.318
1631439004,41.856,73.856
1631439304,41.318,73.318
1631439604,40.78,72.78
1631439904,41.856,73.856
1631440204,41.318,73.318
1631440504,41.856,73.856
1631440804,40.78,72.78
1631441104,41.856,73.856
1631441404,40.78,72.78
1631441704,40.78,72.78
1631442004,41.856,73.856
1631442304,40.78,72.78
1631442604,41.856,73.856
1631442904,41.318,73.318
1631443204,41.856,73.856
1631443504,41.318,73.318
1631443804,41.856,73.856
1631444104,41.856,73.856
1631444404,41.856,73.856
1631444704,41.856,73.856
1631445004,41.856,73.856
1631445304,41.856,73.856
1631445603,41.856,73.856
1631445903,41.318,73.318
1631446203,42.394,74.394
1631446503,42.394,74.394
1631446803,42.394,74.394
1631447103,41.856,73.856
1631447403,42.932,74.932
1631447703,41.856,73.856
1631448003,42.932,74.932
1631448304,42.932,74.932
1631448604,42.932,74.932
1631448904,42.932,74.932
1631449204,42.932,74.932
1631449504,42.932,74.932
1631449803,42.932,74.932
1631450103,43.47,75.47
1631450403,44.007,76.007
1631450703,44.007,76.007
1631451003,43.47,75.47
1631451304,44.007,76.007
1631451603,42.932,74.932
1631451903,43.47,75.47
1631452204,43.47,75.47
1631452504,43.47,75.47
1631452804,44.007,76.007
1631453104,44.007,76.007
1631453404,44.007,76.007
1631453705,45.084,77.084
1631454003,44.546,76.546
1631454303,45.084,77.084
1631454603,45.084,77.084
1631454903,45.622,77.622
1631455203,45.084,77.084
1631455504,45.622,77.622
1631455803,45.084,77.084
1631456103,46.16,78.16
1631456404,45.622,77.622
1631456704,45.622,77.622
1631457004,46.16,78.16
1631457305,46.16,78.16
1631457604,46.16,78.16
1631457905,46.698,78.698
1631458204,47.236,79.236
1631458504,47.236,79.236
1631458804,48.312,80.312
1631459104,47.774,79.774
1631459404,47.774,79.774
1631459704,48.312,80.312
1631460003,48.312,80.312
1631460303,48.312,80.312
1631460603,47.236,79.236
1631460904,47.236,79.236
1631461205,48.312,80.312
1631461503,48.85,80.85
1631461804,48.312,80.312
1631462104,49.925,81.925
1631462404,49.388,81.388
1631462707,49.388,81.388
1631463003,49.388,81.388
1631463304,50.464,82.464
1631463604,49.388,81.388
1631463905,50.464,82.464
1631464203,50.464,82.464
1631464503,50.464,82.464
1631464803,51.54,83.54
1631465104,50.464,82.464
1631465404,51.54,83.54
1631465703,51.54,83.54
1631466004,52.615,84.615
1631466304,52.615,84.615
1631466605,52.615,84.615
1631466903,53.692,85.692
1631467204,52.615,84.615
1631467505,52.615,84.615
1631467803,53.692,85.692
1631468103,53.692,85.692
1631468404,53.154,85.154
1631468704,53.692,85.692
1631469004,53.692,85.692
1631469303,52.615,84.615
1631469603,53.692,85.692
1631469903,53.154,85.154
1631470204,54.23,86.23
1631470504,53.692,85.692
1631470803,53.692,85.692
1631471103,53.692,85.692
1631471403,54.768,86.768
1631471703,53.692,85.692
1631472003,53.154,85.154
1631472303,53.692,85.692
1631472604,53.692,85.692
1631472905,55.843,87.843
1631473203,58.533,90.533
1631473503,57.996,89.996
1631473804,54.768,86.768
1631474103,53.692,85.692
1631474404,55.843,87.843
1631474704,56.92,88.92
1631475004,56.382,88.382
1631475303,55.843,87.843
1631475605,56.382,88.382
1631475904,56.382,88.382
1631476204,58.533,90.533
1631476505,60.148,92.148
1631476804,57.996,89.996
1631477105,59.072,91.072
1631477404,59.072,91.072
1631477704,57.996,89.996
1631478026,56.92,88.92
1631478305,53.692,85.692
1631478608,53.692,85.692
1631478904,53.154,85.154
1631479203,53.692,85.692
1631479503,53.692,85.692
1631479803,51.54,83.54
1631480110,51.54,83.54
1631480404,50.464,82.464
1631480704,49.388,81.388
1631481004,49.388,81.388
1631481304,48.85,80.85
1631481604,48.312,80.312
1631481903,49.388,81.388
1631482203,48.312,80.312
1631482503,48.312,80.312
1631482803,47.774,79.774
1631483103,47.774,79.774
1631483403,47.774,79.774
1631483703,47.774,79.774
1631484003,47.774,79.774
1631484303,47.774,79.774
1631484603,49.388,81.388
1631484903,49.388,81.388
1631485203,49.925,81.925
1631485503,49.388,81.388
1631485803,49.388,81.388
1631486103,49.388,81.388
1631486404,48.312,80.312
1631486704,49.388,81.388
1631487004,48.85,80.85
1631487304,48.85,80.85
1631487604,48.85,80.85
1631487904,48.312,80.312
1631488204,48.312,80.312
1631488504,48.312,80.312
1631488804,48.312,80.312
1631489104,48.312,80.312
1631489404,48.312,80.312
1631489704,48.312,80.312
1631490004,48.312,80.312
1631490303,48.312,80.312
1631490603,48.312,80.312
1631490903,47.774,79.774
1631491203,47.774,79.774
1631491503,47.774,79.774
1631491803,47.236,79.236
1631492103,47.236,79.236
1631492403,47.774,79.774
1631492703,47.774,79.774
1631493003,47.236,79.236
1631493303,47.236,79.236
1631493603,47.236,79.236
1631493903,47.236,79.236
1631494203,47.236,79.236
1631494503,46.698,78.698
1631494803,47.236,79.236
1631495103,47.236,79.236
1631495403,46.698,78.698
1631495704,47.236,79.236
1631496004,47.236,79.236
1631496304,47.236,79.236
1631496604,47.236,79.236
1631496904,46.698,78.698
1631497204,47.774,79.774
1631497504,47.236,79.236
1631497803,47.236,79.236
1631498103,46.16,78.16
1631498403,46.698,78.698
1631498703,46.16,78.16
1631499003,46.698,78.698
1631499303,46.698,78.698
1631499604,47.236,79.236
1631499904,46.16,78.16
1631500204,46.698,78.698
1631500504,46.16,78.16
1631500804,46.16,78.16
1631501104,47.236,79.236
1631501404,46.16,78.16
1631501704,46.16,78.16
1631502004,46.16,78.16
1631502304,46.16,78.16
1631502604,46.16,78.16
1631502904,45.622,77.622
1631503203,46.16,78.16
1631503503,46.16,78.16
1631503803,45.622,77.622
1631504103,46.16,78.16
1631504403,46.16,78.16
1631504703,45.622,77.622
1631505003,46.16,78.16
1631505303,46.16,78.16
