1631160003,46.16,78.16
1631160303,46.16,78.16
1631160604,46.16,78.16
1631160904,46.16,78.16
1631161215,47.236,79.236
1631161504,46.16,78.16
1631161804,47.236,79.236
1631162104,47.236,79.236
1631162404,47.236,79.236
1631162704,46.698,78.698
1631163003,46.16,78.16
1631163303,46.16,78.16
1631163603,46.16,78.16
1631163903,46.16,78.16
1631164203,46.16,78.16
1631164503,46.698,78.698
1631164803,46.16,78.16
1631165103,46.16,78.16
1631165403,46.16,78.16
1631165703,46.16,78.16
1631166003,45.622,77.622
1631166303,45.622,77.622
1631166603,46.16,78.16
1631166903,46.16,78.16
1631167203,45.622,77.622
1631167503,46.16,78.16
1631167803,45.622,77.622
1631168103,46.16,78.16
1631168403,45.622,77.622
1631168703,46.16,78.16
1631169003,46.16,78.16
1631169303,45.622,77.622
1631169604,46.16,78.16
1631169904,46.16,78.16
1631170204,45.622,77.622
1631170504,46.16,78.16
1631170804,45.622,77.622
1631171104,45.622,77.622
1631171404,46.16,78.16
1631171704,46.16,78.16
1631172004,45.622,77.622
1631172304,45.622,77.622
1631172604,45.084,77.084
1631172903,45.084,77.084
1631173203,45.084,77.084
1631173503,45.622,77.622
1631173803,45.622,77.622
1631174103,45.084,77.084
1631174403,45.622,77.622
1631174703,45.622,77.622
1631175003,45.084,77.084
1631175303,45.622,77.622
1631175603,46.16,78.16
1631175903,45.622,77.622
1631176203,45.622,77.622
1631176503,45.622,77.622
1631176803,45.622,77.622
1631177103,45.622,77.622
1631177403,46.16,78.16
1631177704,45.622,77.622
1631178004,46.16,78.16
1631178304,45.084,77.084
1631178604,46.16,78.16
1631178904,45.622,77.622
1631179204,46.16,78.16
1631179504,45.084,77.084
1631179804,46.16,78.16
1631180104,46.16,78.16
1631180403,46.16,78.16
1631180703,45.622,77.622
1631181003,45.084,77.084
1631181303,45.622,77.622
1631181603,45.622,77.622
1631181903,45.622,77.622
1631182203,45.622,77.622
1631182503,45.084,77.084
1631182803,46.16,78.16
1631183103,45.084,77.084
1631183403,45.084,77.084
1631183703,45.084,77.084
1631184003,45.084,77.084
1631184303,45.622,77.622
1631184603,46.16,78.16
1631184903,45.084,77.084
1631185204,45.622,77.622
1631185504,46.16,78.16
1631185804,45.084,77.084
1631186104,45.622,77.622
1631186404,46.16,78.16
1631186704,45.622,77.622
1631187004,45.084,77.084
1631187304,46.16,78.16
1631187604,45.622,77.622
1631187903,46.16,78.16
1631188203,46.16,78.16
1631188503,46.16,78.16
1631188803,46.698,78.698
1631189103,46.16,78.16
1631189403,48.312,80.312
1631189703,47.236,79.236
1631190003,47.236,79.236
1631190303,48.312,80.312
1631190603,47.774,79.774
1631190903,46.16,78.16
1631191203,46.16,78.16
1631191503,46.16,78.16
1631191803,46.16,78.16
1631192103,46.16,78.16
1631192403,46.16,78.16
1631192704,46.698,78.698
1631193004,47.236,79.236
1631193304,47.236,79.236
1631193604,46.16,78.16
1631193904,47.236,79.236
1631194204,47.236,79.236
1631194504,47.236,79.236
1631194804,46.16,78.16
1631195103,48.312,80.312
1631195403,47.236,79.236
1631195703,47.236,79.236
1631196003,47.236,79.236
1631196303,47.236,79.236
1631196603,47.236,79.236
1631196903,46.698,78.698
1631197203,47.236,79.236
1631197503,47.236,79.236
1631197803,46.16,78.16
1631198103,46.16,78.16
1631198403,46.16,78.16
1631198703,46.16,78.16
1631199003,46.16,78.16
1631199303,46.16,78.16
1631199603,47.236,79.236
1631199903,46.16,78.16
1631200203,47.774,79.774
1631200504,46.16,78.16
1631200803,46.698,78.698
1631201103,47.236,79.236
1631201403,46.16,78.16
1631201703,47.236,79.236
1631202003,47.774,79.774
1631202303,46.698,78.698
1631202603,47.236,79.236
1631202903,47.236,79.236
1631203203,47.236,79.236
1631203503,47.236,79.236
1631203804,47.236,79.236
1631204104,47.774,79.774
1631204404,47.236,79.236
1631204704,46.16,78.16
1631205004,47.236,79.236
1631205304,47.236,79.236
1631205604,46.698,78.698
1631205904,46.698,78.698
1631206204,46.698,78.698
1631206504,47.236,79.236
1631206804,46.698,78.698
1631207103,46.16,78.16
1631207403,47.236,79.236
1631207703,47.236,79.236
1631208003,47.236,79.236
1631208303,47.236,79.236
1631208603,46.698,78.698
1631208903,47.774,79.774
1631209203,47.236,79.236
1631209503,47.774,79.774
1631209803,46.698,78.698
1631210103,46.16,78.16
1631210403,47.236,79.236
1631210703,47.236,79.236
1631211003,47.236,79.236
1631211303,47.236,79.236
1631211603,46.16,78.16
1631211903,47.236,79.236
1631212203,47.236,79.236
1631212503,47.236,79.236
1631212803,46.698,78.698
1631213103,47.236,79.236
1631213403,47.236,79.236
1631213703,46.698,78.698
1631214003,46.16,78.16
1631214303,46.16,78.16
1631214603,46.16,78.16
1631214903,46.698,78.698
1631215203,46.16,78.16
1631215503,47.236,79.236
1631215803,46.698,78.698
1631216103,46.16,78.16
1631216403,46.16,78.16
1631216703,46.16,78.16
1631217003,46.16,78.16
1631217303,46.16,78.16
1631217603,46.16,78.16
1631217903,46.16,78.16
1631218203,46.16,78.16
1631218503,46.16,78.16
1631218803,45.084,77.084
1631219103,46.16,78.16
1631219403,45.084,77.084
1631219703,45.622,77.622
1631220003,45.084,77.084
1631220303,45.622,77.622
1631220603,45.622,77.622
1631220903,45.084,77.084
1631221203,45.084,77.084
1631221503,45.084,77.084
1631221803,45.622,77.622
1631222103,45.084,77.084
1631222404,45.084,77.084
1631222704,45.622,77.622
1631223004,44.546,76.546
1631223304,45.084,77.084
1631223604,45.084,77.084
1631223904,45.084,77.084
1631224204,45.084,77.084
1631224504,45.084,77.084
1631224804,45.084,77.084
1631225104,45.084,77.084
1631225404,45.084,77.084
1631225704,45.084,77.084
1631226004,44.007,76.007
1631226304,44.007,76.007
1631226604,44.546,76.546
1631226904,43.47,75.47
1631227204,44.007,76.007
1631227504,43.47,75.47
1631227804,44.007,76.007
1631228104,44.007,76.007
1631228404,44.007,76.007
1631228704,43.47,75.47
1631229004,43.47,75.47
1631229304,43.47,75.47
1631229604,42.932,74.932
1631229904,44.007,76.007
1631230204,43.47,75.47
1631230504,42.932,74.932
1631230804,43.47,75.47
1631231104,43.47,75.47
1631231404,44.007,76.007
1631231704,42.932,74.932
1631232004,43.47,75.47
1631232304,43.47,75.47
1631232604,44.007,76.007
1631232904,43.47,75.47
1631233204,44.007,76.007
1631233504,44.007,76.007
1631233804,43.47,75.47
1631234104,43.47,75.47
1631234404,42.932,74.932
1631234704,42.932,74.932
1631235004,42.932,74.932
1631235304,43.47,75.47
1631235604,43.47,75.47
1631235904,42.932,74.932
1631236204,42.932,74.932
1631236504,42.932,74.932
1631236803,42.932,74.932
1631237103,42.932,74.932
1631237403,43.47,75.47
1631237703,43.47,75.47
1631238003,44.007,76.007
1631238303,42.932,74.932
1631238603,42.932,74.932
1631238903,43.47,75.47
1631239203,42.932,74.932
1631239504,43.47,75.47
1631239804,42.932,74.932
1631240104,42.932,74.932
1631240404,43.47,75.47
1631240704,42.932,74.932
1631241004,43.47,75.47
1631241304,42.932,74.932
1631241603,42.932,74.932
1631241903,42.394,74.394
1631242203,43.47,75.47
1631242503,43.47,75.47
1631242803,42.932,74.932
1631243103,43.47,75.47
1631243403,43.47,75.47
1631243703,42.932,74.932
1631244003,43.47,75.47
1631244303,42.932,74.932
1631244604,42.932,74.932
1631244904,42.932,74.932
1631245204,43.47,75.47
1631245504,42.932,74.932
1631245804,44.007,76.007
1631246104,42.932,74.932
