1627617617.0,88.90,68.90,69.67
1627617647.0,89.00,68.72,69.47
1627617677.0,89.00,68.90,69.67
1627617706.0,89.00,68.90,69.67
1627617736.0,88.90,68.90,69.67
1627617766.0,88.90,68.90,69.67
1627617796.0,88.90,68.90,69.67
1627617826.0,88.80,68.90,69.66
1627617856.0,88.90,68.90,69.67
1627617886.0,88.90,68.90,69.67
1627617916.0,88.90,68.90,69.67
1627617946.0,88.90,68.90,69.67
1627617976.0,89.00,68.72,69.47
1627618006.0,89.00,68.72,69.47
1627618036.0,89.00,68.72,69.47
1627618066.0,88.90,68.72,69.47
1627618096.0,88.90,68.72,69.47
1627618126.0,88.90,68.72,69.47
1627618156.0,88.90,68.54,69.27
1627618186.0,88.80,68.54,69.27
1627618216.0,88.90,68.54,69.27
1627618246.0,88.90,68.54,69.27
1627618409.0,88.60,68.54,69.26
1627618410.0,88.60,68.54,69.26
1627618411.0,88.70,68.54,69.26
1627618418.0,88.70,68.54,69.26
1627618426.0,88.60,68.54,69.26
1627618456.0,88.50,68.54,69.25
1627618486.0,88.30,68.54,69.24
1627618516.0,88.40,68.54,69.25
1627618546.0,88.50,68.36,69.06
1627618576.0,88.50,68.36,69.06
1627618606.0,88.30,68.54,69.24
1627618635.0,88.30,68.54,69.24
1627618665.0,88.30,68.36,69.05
1627618695.0,88.20,68.36,69.04
1627618725.0,88.30,68.36,69.05
1627618755.0,88.50,68.36,69.06
1627618785.0,88.60,68.36,69.06
1627618815.0,88.50,68.36,69.06
1627618845.0,88.40,68.36,69.05
1627618875.0,88.40,68.36,69.05
1627618905.0,88.30,68.36,69.05
1627618935.0,88.40,68.18,68.85
1627618965.0,88.40,68.18,68.85
1627618995.0,88.40,68.18,68.85
1627619025.0,88.40,68.18,68.85
1627619055.0,88.60,68.18,68.86
1627619087.0,88.50,68.18,68.86
1627619115.0,88.40,68.18,68.85
1627619145.0,88.40,68.18,68.85
1627619175.0,88.60,68.18,68.86
1627619205.0,88.50,68.18,68.86
1627619235.0,88.60,68.18,68.86
1627619265.0,88.40,68.18,68.85
1627619295.0,88.50,68.18,68.86
1627619325.0,88.50,68.18,68.86
1627619355.0,88.50,68.18,68.86
1627619385.0,88.60,68.18,68.86
1627619415.0,88.60,68.00,68.66
1627619445.0,88.60,68.00,68.66
1627619475.0,88.50,68.18,68.86
1627619505.0,88.50,68.18,68.86
1627619535.0,88.50,68.18,68.86
1627619564.0,88.40,68.18,68.85
1627619594.0,88.40,68.18,68.85
1627619624.0,88.50,68.00,68.66
1627619654.0,88.40,68.00,68.65
1627619684.0,88.40,68.00,68.65
1627619714.0,88.40,68.00,68.65
1627619744.0,88.40,68.18,68.85
1627619774.0,88.30,68.00,68.65
1627619804.0,88.30,68.00,68.65
1627619834.0,88.40,68.00,68.65
1627619864.0,88.40,68.00,68.65
1627619894.0,88.30,68.00,68.65
1627619924.0,88.50,68.00,68.66
1627619954.0,88.40,68.00,68.65
1627619984.0,88.40,68.00,68.65
1627620014.0,88.50,68.00,68.66
1627620044.0,88.50,67.82,68.46
1627620074.0,88.40,67.82,68.46
1627620104.0,88.50,67.82,68.46
1627620134.0,88.50,67.82,68.46
1627620164.0,88.50,67.82,68.46
1627620194.0,88.40,67.82,68.46
1627620224.0,88.50,67.82,68.46
1627620254.0,88.30,67.82,68.45
1627620284.0,88.30,68.00,68.65
1627620314.0,88.30,68.00,68.65
1627620344.0,88.30,67.82,68.45
1627620374.0,88.30,67.82,68.45
1627620404.0,88.30,67.82,68.45
1627620434.0,88.30,67.82,68.45
1627620464.0,88.40,67.82,68.46
1627620493.0,88.50,67.82,68.46
1627620523.0,88.50,67.82,68.46
1627620553.0,88.40,67.82,68.46
1627620583.0,88.30,67.82,68.45
1627620613.0,88.30,67.82,68.45
1627620643.0,88.30,67.82,68.45
1627620673.0,88.30,67.82,68.45
1627620703.0,88.40,67.82,68.46
1627620733.0,88.50,67.64,68.26
1627620763.0,88.60,67.64,68.27
1627620793.0,88.60,67.82,68.47
1627620823.0,88.60,67.82,68.47
1627620853.0,88.50,67.82,68.46
1627620883.0,88.50,67.64,68.26
1627620913.0,88.60,67.64,68.27
1627620943.0,88.60,67.64,68.27
1627620973.0,88.50,67.64,68.26
1627621003.0,88.40,67.64,68.26
1627621033.0,88.50,67.82,68.46
1627621063.0,88.40,67.64,68.26
1627621093.0,88.50,67.64,68.26
1627621123.0,88.60,67.64,68.27
1627621153.0,88.60,67.64,68.27
1627621183.0,88.50,67.64,68.26
1627621213.0,88.50,67.64,68.26
1627621243.0,88.50,67.64,68.26
1627621273.0,88.50,67.64,68.26
1627621303.0,88.60,67.64,68.27
1627621333.0,88.60,67.64,68.27
1627621363.0,88.50,67.64,68.26
1627621393.0,88.50,67.64,68.26
1627621423.0,88.40,67.64,68.26
1627621452.0,88.40,67.64,68.26
1627621482.0,88.30,67.64,68.25
1627621512.0,88.40,67.64,68.26
1627621542.0,88.50,67.64,68.26
1627621572.0,88.60,67.64,68.27
1627621602.0,88.60,67.64,68.27
1627621632.0,88.60,67.46,68.07
1627621662.0,88.70,67.46,68.07
1627621692.0,88.50,67.46,68.07
1627621722.0,88.50,67.46,68.07
1627621752.0,88.50,67.46,68.07
1627621782.0,88.50,67.46,68.07
1627621812.0,88.50,67.46,68.07
1627621842.0,88.60,67.46,68.07
1627621872.0,88.50,67.46,68.07
1627621902.0,88.50,67.64,68.26
1627621932.0,88.50,67.64,68.26
1627621962.0,88.40,67.64,68.26
1627621992.0,88.40,67.64,68.26
1627622022.0,88.40,67.64,68.26
1627622052.0,88.40,67.64,68.26
1627622082.0,88.30,67.64,68.25
1627622112.0,88.40,67.64,68.26
1627622142.0,88.40,67.64,68.26
1627622172.0,88.30,67.64,68.25
1627622202.0,88.20,67.64,68.25
1627622232.0,88.20,67.64,68.25
1627622262.0,88.20,67.64,68.25
1627622292.0,88.30,67.64,68.25
1627622322.0,88.30,67.64,68.25
1627622352.0,88.30,67.64,68.25
1627622381.0,88.30,67.64,68.25
1627622411.0,88.30,67.64,68.25
1627622441.0,88.30,67.64,68.25
1627622471.0,88.30,67.64,68.25
1627622501.0,88.20,67.64,68.25
1627622531.0,88.30,67.64,68.25
1627622561.0,88.40,67.46,68.06
1627622594.0,88.40,67.46,68.06
1627622621.0,88.50,67.46,68.07
1627622651.0,88.50,67.64,68.26
1627622681.0,88.40,67.46,68.06
1627622711.0,88.30,67.46,68.06
1627622741.0,88.40,67.46,68.06
1627622771.0,88.50,67.46,68.07
1627622801.0,88.60,67.46,68.07
1627622831.0,88.70,67.46,68.07
1627622861.0,88.70,67.46,68.07
1627622891.0,88.60,67.46,68.07
1627622921.0,88.50,67.46,68.07
1627622951.0,88.50,67.46,68.07
1627622981.0,88.50,67.46,68.07
1627623011.0,88.50,67.46,68.07
1627623041.0,88.50,67.46,68.07
1627623071.0,88.50,67.46,68.07
1627623101.0,88.50,67.46,68.07
1627623131.0,88.40,67.46,68.06
1627623161.0,88.50,67.46,68.07
1627623191.0,88.60,67.28,67.87
1627623221.0,88.60,67.28,67.87
1627623251.0,88.60,67.28,67.87
1627623281.0,88.70,67.28,67.88
1627623310.0,88.70,67.28,67.88
1627623340.0,88.70,67.10,67.68
1627623370.0,88.90,67.10,67.69
1627623400.0,88.80,67.10,67.68
1627623430.0,88.70,67.10,67.68
1627623460.0,88.70,67.28,67.88
1627623490.0,88.70,67.28,67.88
1627623520.0,88.70,67.28,67.88
1627623550.0,88.70,67.28,67.88
1627623580.0,88.50,67.28,67.87
1627623610.0,88.50,67.28,67.87
1627623640.0,88.50,67.28,67.87
1627623670.0,88.60,67.10,67.67
1627623700.0,88.70,67.10,67.68
1627623730.0,88.80,67.10,67.68
1627623760.0,88.80,67.10,67.68
1627623790.0,88.80,67.10,67.68
1627623820.0,88.60,67.28,67.87
1627623850.0,88.60,67.28,67.87
1627623880.0,88.60,67.28,67.87
1627623910.0,88.60,67.28,67.87
1627623940.0,88.60,67.28,67.87
1627623970.0,88.50,67.28,67.87
1627624000.0,88.50,67.28,67.87
1627624030.0,88.50,67.28,67.87
1627624060.0,88.50,67.28,67.87
1627624090.0,88.50,67.28,67.87
1627624120.0,88.40,67.28,67.86
1627624150.0,88.50,67.28,67.87
1627624180.0,88.40,67.28,67.86
1627624210.0,88.40,67.10,67.66
1627624239.0,88.40,67.28,67.86
1627624269.0,88.40,67.28,67.86
1627624299.0,88.30,67.10,67.66
1627624329.0,88.40,67.28,67.86
1627624359.0,88.40,67.28,67.86
1627624389.0,88.30,67.28,67.86
1627624419.0,88.30,67.28,67.86
1627624449.0,88.30,67.10,67.66
1627624479.0,88.30,67.28,67.86
1627624509.0,88.30,67.10,67.66
1627624539.0,88.20,67.10,67.66
1627624569.0,88.20,67.10,67.66
1627624599.0,88.20,67.10,67.66
1627624629.0,88.30,67.10,67.66
1627624659.0,88.20,67.10,67.66
1627624689.0,88.20,67.10,67.66
1627624719.0,88.00,67.10,67.65
1627624749.0,88.10,67.10,67.65
1627624779.0,88.10,67.10,67.65
1627624809.0,88.00,67.10,67.65
1627624839.0,88.10,67.10,67.65
1627624869.0,88.00,67.10,67.65
1627624899.0,88.00,67.10,67.65
1627624929.0,88.10,67.10,67.65
1627624959.0,88.10,67.10,67.65
1627624989.0,88.10,67.10,67.65
1627625019.0,88.10,67.10,67.65
1627625049.0,88.10,67.10,67.65
1627625079.0,88.10,67.10,67.65
1627625109.0,88.10,67.10,67.65
1627625139.0,88.10,67.10,67.65
1627625168.0,88.10,67.10,67.65
1627625198.0,88.10,67.10,67.65
1627625228.0,88.10,67.10,67.65
1627625258.0,88.00,67.10,67.65
1627625288.0,88.00,67.10,67.65
1627625318.0,88.10,67.10,67.65
1627625348.0,88.20,67.10,67.66
1627625378.0,88.20,67.10,67.66
1627625408.0,88.20,66.92,67.46
1627625438.0,88.30,67.10,67.66
1627625468.0,88.20,66.92,67.46
1627625498.0,88.40,66.92,67.47
1627625528.0,88.50,66.92,67.47
1627625558.0,88.50,66.92,67.47
1627625588.0,88.50,66.92,67.47
1627625618.0,88.60,66.92,67.48
1627625648.0,88.50,66.92,67.47
1627625678.0,88.50,66.92,67.47
1627625708.0,88.50,66.92,67.47
1627625738.0,88.60,66.74,67.28
1627625768.0,88.70,66.74,67.28
1627625798.0,88.70,66.74,67.28
1627625828.0,88.70,66.74,67.28
1627625858.0,88.60,66.92,67.48
1627625888.0,88.60,66.92,67.48
1627625918.0,88.60,66.92,67.48
1627625948.0,88.60,66.92,67.48
1627625978.0,88.60,66.92,67.48
1627626008.0,88.70,66.74,67.28
1627626038.0,88.80,66.74,67.29
1627626068.0,88.80,66.74,67.29
1627626097.0,88.90,66.74,67.29
1627626127.0,89.00,66.74,67.30
1627626157.0,88.90,66.74,67.29
1627626187.0,88.80,66.74,67.29
1627626217.0,88.70,66.92,67.48
1627626247.0,88.60,66.92,67.48
1627626277.0,88.50,66.92,67.47
1627626307.0,88.40,66.92,67.47
1627626337.0,88.40,66.92,67.47
1627626367.0,88.60,66.92,67.48
1627626397.0,88.50,66.92,67.47
1627626427.0,88.40,66.92,67.47
1627626457.0,88.40,66.92,67.47
1627626487.0,88.50,66.92,67.47
1627626517.0,88.40,66.92,67.47
1627626547.0,88.30,66.92,67.46
1627626577.0,88.40,66.92,67.47
1627626607.0,88.30,66.92,67.46
1627626637.0,88.30,66.92,67.46
1627626667.0,88.40,66.92,67.47
1627626697.0,88.40,66.92,67.47
1627626727.0,88.40,66.92,67.47
1627626757.0,88.50,66.92,67.47
1627626787.0,88.50,66.92,67.47
1627626817.0,88.60,66.74,67.28
1627626847.0,88.60,66.92,67.48
1627626877.0,88.50,66.92,67.47
1627626907.0,88.40,66.92,67.47
1627626937.0,88.40,66.92,67.47
1627626967.0,88.30,66.92,67.46
1627626997.0,88.40,66.92,67.47
1627627026.0,88.30,66.92,67.46
1627627056.0,88.30,66.92,67.46
1627627086.0,88.40,66.74,67.27
1627627116.0,88.40,66.74,67.27
1627627146.0,88.40,66.74,67.27
1627627176.0,88.50,66.74,67.27
1627627206.0,88.30,66.74,67.26
1627627236.0,88.50,66.74,67.27
1627627266.0,88.50,66.56,67.08
1627627296.0,88.50,66.74,67.27
1627627326.0,88.50,66.74,67.27
1627627356.0,88.40,66.74,67.27
1627627386.0,88.40,66.74,67.27
1627627416.0,88.40,66.74,67.27
1627627446.0,88.40,66.74,67.27
1627627476.0,88.40,66.74,67.27
1627627506.0,88.40,66.74,67.27
1627627536.0,88.40,66.74,67.27
1627627566.0,88.40,66.74,67.27
1627627596.0,88.30,66.74,67.26
1627627626.0,88.30,66.74,67.26
1627627656.0,88.40,66.74,67.27
1627627686.0,88.40,66.74,67.27
1627627716.0,88.40,66.74,67.27
1627627746.0,88.30,66.74,67.26
1627627776.0,88.30,66.74,67.26
1627627806.0,88.30,66.74,67.26
1627627836.0,88.30,66.74,67.26
1627627866.0,88.20,66.74,67.26
1627627896.0,88.20,66.74,67.26
1627627925.0,88.20,66.92,67.46
1627627955.0,88.10,66.92,67.45
1627627985.0,88.10,66.92,67.45
1627628015.0,88.10,66.92,67.45
1627628045.0,88.10,66.92,67.45
1627628075.0,88.20,66.92,67.46
1627628105.0,88.10,66.92,67.45
1627628135.0,88.10,66.92,67.45
1627628165.0,88.10,66.92,67.45
1627628195.0,88.10,66.92,67.45
1627628225.0,88.10,66.92,67.45
1627628255.0,88.10,66.92,67.45
1627628285.0,88.00,66.92,67.45
1627628315.0,88.00,66.92,67.45
1627628345.0,88.10,66.92,67.45
1627628375.0,88.10,66.74,67.25
1627628405.0,88.20,66.74,67.26
1627628435.0,88.30,66.74,67.26
1627628465.0,88.30,66.74,67.26
1627628495.0,88.30,66.74,67.26
1627628525.0,88.30,66.74,67.26
1627628555.0,88.20,66.74,67.26
1627628585.0,88.30,66.56,67.07
1627628615.0,88.30,66.56,67.07
1627628645.0,88.30,66.56,67.07
1627628675.0,88.30,66.56,67.07
1627628705.0,88.30,66.56,67.07
1627628735.0,88.30,66.56,67.07
1627628765.0,88.20,66.56,67.06
1627628795.0,88.30,66.56,67.07
1627628825.0,88.30,66.56,67.07
1627628854.0,88.20,66.56,67.06
1627628884.0,88.20,66.56,67.06
1627628914.0,88.20,66.56,67.06
1627628944.0,88.30,66.38,66.87
1627628974.0,88.40,66.38,66.87
1627629004.0,88.50,66.38,66.88
1627629034.0,88.50,66.38,66.88
1627629064.0,88.50,66.38,66.88
1627629094.0,88.50,66.38,66.88
1627629124.0,88.60,66.38,66.88
1627629154.0,88.50,66.38,66.88
1627629184.0,88.50,66.38,66.88
1627629214.0,88.30,66.38,66.87
1627629244.0,88.40,66.38,66.87
1627629274.0,88.50,66.38,66.88
1627629304.0,88.50,66.38,66.88
1627629334.0,88.40,66.38,66.87
1627629364.0,88.50,66.20,66.68
1627629394.0,88.40,66.38,66.87
1627629424.0,88.30,66.38,66.87
1627629454.0,88.20,66.38,66.86
1627629484.0,88.20,66.38,66.86
1627629514.0,88.30,66.38,66.87
1627629544.0,88.40,66.38,66.87
1627629574.0,88.30,66.38,66.87
1627629604.0,88.30,66.38,66.87
1627629634.0,88.40,66.20,66.67
1627629664.0,88.50,66.20,66.68
1627629694.0,88.60,66.20,66.68
1627629724.0,88.60,66.20,66.68
1627629754.0,88.60,66.20,66.68
1627629783.0,88.60,66.20,66.68
1627629813.0,88.50,66.20,66.68
1627629843.0,88.50,66.20,66.68
1627629873.0,88.50,66.20,66.68
1627629903.0,88.50,66.20,66.68
1627629933.0,88.50,66.20,66.68
1627629963.0,88.60,66.20,66.68
1627629993.0,88.70,66.20,66.69
1627630023.0,88.70,66.20,66.69
1627630053.0,88.70,66.20,66.69
1627630083.0,88.80,66.20,66.69
1627630113.0,88.80,66.20,66.69
1627630143.0,88.80,66.20,66.69
1627630173.0,88.80,66.20,66.69
1627630203.0,88.80,66.20,66.69
1627630233.0,88.70,66.20,66.69
1627630263.0,88.70,66.20,66.69
1627630293.0,88.70,66.20,66.69
1627630323.0,88.60,66.38,66.88
1627630353.0,88.70,66.20,66.69
1627630383.0,88.80,66.20,66.69
1627630413.0,88.80,66.20,66.69
1627630443.0,88.80,66.20,66.69
1627630473.0,88.70,66.38,66.89
1627630503.0,88.60,66.38,66.88
1627630533.0,88.50,66.38,66.88
1627630563.0,88.50,66.38,66.88
1627630593.0,88.50,66.38,66.88
1627630623.0,88.40,66.38,66.87
1627630653.0,88.50,66.38,66.88
1627630683.0,88.40,66.38,66.87
1627630712.0,88.60,66.38,66.88
1627630742.0,88.50,66.38,66.88
1627630772.0,88.40,66.38,66.87
1627630802.0,88.40,66.38,66.87
1627630832.0,88.30,66.38,66.87
1627630862.0,88.40,66.38,66.87
1627630892.0,88.30,66.38,66.87
1627630922.0,88.30,66.38,66.87
1627630952.0,88.40,66.20,66.67
1627630982.0,88.50,66.20,66.68
1627631012.0,88.50,66.20,66.68
1627631042.0,88.50,66.20,66.68
1627631072.0,88.50,66.20,66.68
1627631102.0,88.50,66.20,66.68
1627631132.0,88.60,66.20,66.68
1627631162.0,88.50,66.20,66.68
1627631192.0,88.40,66.20,66.67
1627631222.0,88.40,66.20,66.67
1627631252.0,88.30,66.20,66.67
1627631282.0,88.30,66.20,66.67
1627631312.0,88.30,66.20,66.67
1627631342.0,88.40,66.20,66.67
1627631372.0,88.40,66.02,66.48
1627631402.0,88.50,66.02,66.48
1627631432.0,88.50,66.02,66.48
1627631462.0,88.50,66.02,66.48
1627631492.0,88.40,66.02,66.48
1627631522.0,88.40,66.02,66.48
1627631552.0,88.40,66.02,66.48
1627631582.0,88.40,66.02,66.48
1627631612.0,88.50,66.02,66.48
1627631641.0,88.50,66.02,66.48
1627631671.0,88.50,66.02,66.48
1627631701.0,88.50,66.02,66.48
1627631731.0,88.50,66.02,66.48
1627631761.0,88.60,66.02,66.49
1627631791.0,88.70,66.02,66.49
1627631821.0,88.70,66.02,66.49
1627631851.0,88.70,66.02,66.49
1627631881.0,88.70,66.02,66.49
1627631911.0,88.60,66.02,66.49
1627631941.0,88.60,66.02,66.49
1627631971.0,88.60,66.02,66.49
1627632001.0,88.50,66.02,66.48
1627632031.0,88.40,66.02,66.48
1627632061.0,88.50,66.02,66.48
1627632091.0,88.40,66.02,66.48
1627632121.0,88.40,66.02,66.48
1627632151.0,88.40,66.02,66.48
1627632181.0,88.30,66.02,66.47
1627632211.0,88.40,66.02,66.48
1627632241.0,88.50,66.02,66.48
1627632271.0,88.40,66.02,66.48
1627632301.0,88.40,66.02,66.48
1627632331.0,88.50,66.02,66.48
1627632361.0,88.50,66.02,66.48
1627632391.0,88.60,66.02,66.49
1627632421.0,88.50,66.02,66.48
1627632451.0,88.60,66.02,66.49
1627632481.0,88.60,66.02,66.49
1627632511.0,88.50,66.02,66.48
1627632541.0,88.50,66.02,66.48
1627632570.0,88.50,66.02,66.48
1627632600.0,88.60,66.02,66.49
1627632630.0,88.70,66.02,66.49
1627632660.0,88.70,66.02,66.49
1627632690.0,88.80,66.02,66.50
1627632720.0,88.70,66.02,66.49
1627632750.0,88.70,66.02,66.49
1627632780.0,88.70,66.02,66.49
1627632810.0,88.70,66.02,66.49
1627632840.0,88.80,66.02,66.50
1627632870.0,88.90,66.02,66.50
1627632900.0,88.80,66.02,66.50
1627632930.0,88.80,66.02,66.50
1627632960.0,88.80,66.02,66.50
1627632990.0,88.80,66.02,66.50
1627633020.0,88.80,66.02,66.50
1627633050.0,88.80,66.02,66.50
1627633080.0,88.90,66.02,66.50
1627633110.0,88.90,66.02,66.50
1627633140.0,88.80,66.02,66.50
1627633170.0,88.80,66.02,66.50
1627633200.0,88.70,66.20,66.69
1627633230.0,88.70,66.20,66.69
1627633260.0,88.70,66.20,66.69
1627633290.0,88.80,66.20,66.69
1627633320.0,88.90,66.20,66.70
1627633350.0,88.80,66.20,66.69
1627633380.0,88.90,66.20,66.70
1627633410.0,88.80,66.20,66.69
1627633440.0,88.70,66.20,66.69
1627633470.0,88.60,66.20,66.68
1627633499.0,88.70,66.20,66.69
1627633529.0,88.70,66.20,66.69
1627633559.0,88.70,66.20,66.69
1627633589.0,88.70,66.20,66.69
1627633619.0,88.70,66.20,66.69
1627633649.0,88.80,66.20,66.69
1627633679.0,88.80,66.20,66.69
1627633709.0,88.80,66.20,66.69
1627633739.0,88.80,66.20,66.69
1627633769.0,88.90,66.20,66.70
1627633799.0,88.80,66.20,66.69
1627633829.0,88.80,66.20,66.69
1627633859.0,88.90,66.20,66.70
1627633889.0,88.90,66.20,66.70
1627633919.0,88.90,66.20,66.70
1627633949.0,89.00,66.02,66.50
1627633979.0,88.90,66.20,66.70
1627634009.0,88.90,66.20,66.70
1627634039.0,88.90,66.02,66.50
1627634069.0,88.90,66.02,66.50
1627634099.0,88.90,66.02,66.50
1627634129.0,88.90,66.02,66.50
1627634159.0,88.90,66.02,66.50
1627634189.0,88.90,66.02,66.50
1627634219.0,88.80,66.02,66.50
1627634249.0,88.90,66.20,66.70
1627634279.0,88.80,66.02,66.50
1627634309.0,88.90,66.02,66.50
1627634339.0,88.80,66.02,66.50
1627634369.0,88.80,66.02,66.50
1627634399.0,88.90,66.02,66.50
1627634429.0,88.90,66.02,66.50
1627634458.0,88.90,66.02,66.50
1627634488.0,88.90,66.02,66.50
1627634518.0,89.00,66.02,66.50
1627634548.0,88.90,66.02,66.50
1627634578.0,88.90,66.02,66.50
1627634608.0,88.90,66.02,66.50
1627634638.0,88.80,66.02,66.50
1627634668.0,88.70,66.02,66.49
1627634698.0,88.60,66.02,66.49
1627634728.0,88.70,66.02,66.49
1627634758.0,88.70,66.02,66.49
1627634788.0,88.80,66.02,66.50
1627634818.0,88.80,66.02,66.50
1627634848.0,88.80,65.84,66.30
1627634878.0,88.80,65.84,66.30
1627634908.0,88.90,65.84,66.30
1627634938.0,89.00,65.84,66.31
1627634968.0,89.00,65.84,66.31
1627634998.0,89.00,65.84,66.31
1627635028.0,89.00,65.84,66.31
1627635058.0,89.00,65.84,66.31
1627635088.0,89.10,65.66,66.11
1627635118.0,89.10,65.84,66.31
1627635148.0,89.10,65.66,66.11
1627635178.0,89.10,65.84,66.31
1627635208.0,89.10,65.66,66.11
1627635238.0,89.00,65.66,66.11
1627635268.0,89.00,65.66,66.11
1627635298.0,89.00,65.84,66.31
1627635328.0,89.10,65.84,66.31
1627635358.0,89.10,65.66,66.11
1627635387.0,89.00,65.84,66.31
1627635417.0,89.00,65.84,66.31
1627635447.0,89.00,65.84,66.31
1627635477.0,89.00,65.84,66.31
1627635507.0,89.00,65.84,66.31
1627635537.0,88.90,65.84,66.30
1627635567.0,88.90,65.84,66.30
1627635597.0,89.00,65.84,66.31
1627635627.0,88.90,65.84,66.30
1627635657.0,88.90,65.84,66.30
1627635687.0,88.90,65.84,66.30
1627635717.0,88.70,66.02,66.49
1627635747.0,88.80,66.02,66.50
1627635777.0,88.70,66.02,66.49
1627635807.0,88.80,66.02,66.50
1627635837.0,88.80,65.84,66.30
1627635867.0,88.80,66.02,66.50
1627635897.0,88.80,66.02,66.50
1627635927.0,88.70,66.02,66.49
1627635957.0,88.80,66.02,66.50
1627635987.0,88.90,65.84,66.30
1627636017.0,88.90,66.02,66.50
1627636047.0,88.80,65.84,66.30
1627636077.0,88.90,65.84,66.30
1627636107.0,88.90,66.02,66.50
1627636137.0,88.90,66.02,66.50
1627636167.0,88.80,66.02,66.50
1627636197.0,88.80,66.02,66.50
1627636227.0,88.80,66.02,66.50
1627636257.0,88.80,66.02,66.50
1627636287.0,88.80,66.02,66.50
1627636316.0,88.80,66.02,66.50
1627636346.0,88.80,66.02,66.50
1627636376.0,88.90,66.02,66.50
1627636406.0,88.80,66.02,66.50
1627636436.0,88.80,66.02,66.50
1627636466.0,88.90,66.02,66.50
1627636496.0,88.90,66.02,66.50
1627636526.0,89.00,66.02,66.50
1627636556.0,88.80,66.02,66.50
1627636586.0,88.80,66.02,66.50
1627636616.0,89.00,66.02,66.50
1627636646.0,88.90,66.02,66.50
1627636676.0,89.00,66.02,66.50
1627636706.0,89.00,66.02,66.50
1627636736.0,89.00,65.84,66.31
1627636766.0,89.00,65.84,66.31
1627636796.0,89.00,66.02,66.50
1627636826.0,89.00,66.02,66.50
1627636856.0,89.00,66.02,66.50
1627636886.0,89.00,66.02,66.50
1627636916.0,89.00,66.02,66.50
1627636946.0,89.00,66.02,66.50
1627636976.0,89.00,66.02,66.50
1627637006.0,88.70,66.02,66.49
1627637036.0,88.70,66.02,66.49
1627637066.0,88.70,66.02,66.49
1627637096.0,88.70,66.02,66.49
1627637126.0,88.70,66.02,66.49
1627637156.0,88.70,66.02,66.49
1627637186.0,88.60,66.02,66.49
1627637216.0,88.60,66.02,66.49
1627637245.0,88.70,66.02,66.49
1627637275.0,88.80,66.02,66.50
1627637305.0,88.90,66.02,66.50
1627637335.0,88.90,65.84,66.30
1627637365.0,89.00,65.84,66.31
1627637395.0,88.90,65.84,66.30
1627637425.0,89.00,65.84,66.31
1627637455.0,89.00,65.84,66.31
1627637485.0,88.90,65.84,66.30
1627637515.0,89.00,65.84,66.31
1627637545.0,88.90,65.84,66.30
1627637575.0,89.00,65.84,66.31
1627637605.0,89.10,65.84,66.31
1627637635.0,89.10,65.84,66.31
1627637665.0,89.00,65.84,66.31
1627637695.0,89.00,65.66,66.11
1627637725.0,89.00,65.66,66.11
1627637755.0,88.80,65.66,66.10
1627637785.0,88.90,65.66,66.10
1627637815.0,88.90,65.66,66.10
1627637845.0,89.00,65.66,66.11
1627637875.0,89.00,65.66,66.11
1627637905.0,89.00,65.66,66.11
1627637935.0,89.00,65.66,66.11
1627637965.0,89.00,65.66,66.11
1627637995.0,89.00,65.66,66.11
1627638025.0,89.00,65.48,65.91
1627638055.0,89.20,65.48,65.92
1627638085.0,89.20,65.48,65.92
1627638115.0,89.20,65.48,65.92
1627638145.0,89.30,65.48,65.93
1627638174.0,89.10,65.48,65.92
1627638204.0,89.10,65.48,65.92
1627638234.0,89.00,65.48,65.91
1627638264.0,89.10,65.66,66.11
1627638294.0,89.00,65.66,66.11
1627638324.0,88.80,65.66,66.10
1627638354.0,88.90,65.66,66.10
1627638384.0,89.00,65.48,65.91
1627638414.0,89.10,65.48,65.92
1627638444.0,89.00,65.48,65.91
1627638474.0,88.90,65.48,65.91
1627638504.0,88.90,65.48,65.91
1627638534.0,88.90,65.48,65.91
1627638564.0,88.90,65.48,65.91
1627638594.0,89.00,65.48,65.91
1627638624.0,89.00,65.48,65.91
1627638654.0,89.00,65.48,65.91
1627638684.0,89.00,65.48,65.91
1627638714.0,89.00,65.48,65.91
1627638744.0,89.00,65.48,65.91
1627638774.0,89.20,65.48,65.92
1627638804.0,89.00,65.48,65.91
1627638834.0,89.20,65.48,65.92
1627638864.0,89.00,65.48,65.91
1627638894.0,89.00,65.48,65.91
1627638924.0,89.00,65.48,65.91
1627638954.0,89.00,65.48,65.91
1627638984.0,89.20,65.48,65.92
1627639014.0,89.00,65.48,65.91
1627639044.0,89.00,65.48,65.91
1627639074.0,89.00,65.48,65.91
1627639103.0,89.20,65.48,65.92
1627639133.0,89.20,65.48,65.92
1627639163.0,89.00,65.48,65.91
1627639193.0,88.90,65.48,65.91
1627639223.0,88.90,65.48,65.91
1627639253.0,89.00,65.48,65.91
1627639283.0,89.00,65.48,65.91
1627639313.0,89.00,65.48,65.91
1627639343.0,89.00,65.48,65.91
1627639373.0,88.90,65.48,65.91
1627639403.0,88.90,65.48,65.91
1627639433.0,88.90,65.48,65.91
1627639463.0,88.90,65.48,65.91
1627639493.0,88.90,65.48,65.91
1627639523.0,88.90,65.48,65.91
1627639553.0,89.00,65.48,65.91
1627639583.0,89.00,65.48,65.91
1627639613.0,89.00,65.48,65.91
1627639643.0,89.20,65.48,65.92
1627639673.0,89.20,65.48,65.92
1627639703.0,89.20,65.48,65.92
1627639733.0,89.00,65.48,65.91
1627639763.0,89.00,65.48,65.91
1627639793.0,89.00,65.48,65.91
1627639823.0,89.20,65.30,65.72
1627639853.0,89.20,65.30,65.72
1627639883.0,89.20,65.30,65.72
1627639913.0,89.20,65.30,65.72
1627639943.0,89.20,65.30,65.72
1627639973.0,89.20,65.30,65.72
1627640003.0,89.20,65.30,65.72
1627640032.0,89.20,65.30,65.72
1627640062.0,89.20,65.48,65.92
1627640092.0,89.20,65.48,65.92
1627640122.0,89.20,65.48,65.92
1627640152.0,89.20,65.48,65.92
1627640182.0,89.20,65.48,65.92
1627640212.0,89.20,65.48,65.92
1627640242.0,89.10,65.48,65.92
1627640272.0,89.00,65.48,65.91
1627640302.0,89.00,65.48,65.91
1627640332.0,89.00,65.48,65.91
1627640362.0,89.00,65.48,65.91
1627640392.0,89.00,65.48,65.91
1627640422.0,89.00,65.48,65.91
1627640452.0,89.00,65.48,65.91
1627640482.0,89.00,65.48,65.91
1627640512.0,89.00,65.48,65.91
1627640542.0,89.20,65.48,65.92
1627640572.0,89.00,65.48,65.91
1627640602.0,89.00,65.48,65.91
1627640632.0,89.00,65.48,65.91
1627640662.0,89.20,65.48,65.92
1627640692.0,89.00,65.48,65.91
1627640722.0,89.00,65.48,65.91
1627640752.0,88.90,65.48,65.91
1627640782.0,89.00,65.48,65.91
1627640812.0,89.00,65.48,65.91
1627640842.0,89.00,65.48,65.91
1627640872.0,89.20,65.48,65.92
1627640902.0,89.00,65.48,65.91
1627640932.0,89.20,65.48,65.92
1627640961.0,89.20,65.48,65.92
1627640991.0,89.20,65.48,65.92
1627641021.0,89.20,65.48,65.92
1627641051.0,89.20,65.48,65.92
1627641081.0,89.20,65.48,65.92
1627641111.0,89.20,65.48,65.92
1627641141.0,89.20,65.48,65.92
1627641171.0,89.20,65.48,65.92
1627641201.0,89.00,65.48,65.91
1627641231.0,89.00,65.48,65.91
1627641261.0,89.00,65.48,65.91
1627641291.0,88.90,65.48,65.91
1627641321.0,88.90,65.48,65.91
1627641351.0,88.90,65.48,65.91
1627641381.0,88.90,65.48,65.91
1627641411.0,88.90,65.66,66.10
1627641441.0,88.80,65.66,66.10
1627641471.0,88.90,65.48,65.91
1627641501.0,89.00,65.66,66.11
1627641531.0,89.00,65.48,65.91
1627641561.0,89.00,65.48,65.91
1627641591.0,89.00,65.48,65.91
1627641621.0,89.00,65.48,65.91
1627641651.0,89.00,65.48,65.91
1627641681.0,89.10,65.48,65.92
1627641711.0,89.00,65.48,65.91
1627641741.0,89.00,65.48,65.91
1627641771.0,89.00,65.48,65.91
1627641801.0,89.00,65.48,65.91
1627641831.0,89.00,65.66,66.11
1627641861.0,89.00,65.66,66.11
1627641890.0,89.00,65.66,66.11
1627641920.0,89.00,65.66,66.11
1627641950.0,89.10,65.66,66.11
1627641980.0,89.00,65.66,66.11
1627642010.0,89.00,65.66,66.11
1627642040.0,89.00,65.66,66.11
1627642070.0,89.00,65.66,66.11
1627642100.0,89.10,65.66,66.11
1627642130.0,89.00,65.66,66.11
1627642160.0,89.00,65.66,66.11
1627642190.0,89.00,65.66,66.11
1627642220.0,89.00,65.66,66.11
1627642250.0,89.10,65.66,66.11
1627642280.0,89.10,65.66,66.11
1627642310.0,89.10,65.66,66.11
1627642340.0,89.20,65.66,66.12
1627642370.0,89.20,65.66,66.12
1627642400.0,89.10,65.66,66.11
1627642430.0,89.10,65.66,66.11
1627642460.0,89.10,65.66,66.11
1627642490.0,89.10,65.66,66.11
1627642520.0,89.10,65.66,66.11
1627642550.0,89.20,65.66,66.12
1627642580.0,89.20,65.66,66.12
1627642610.0,89.20,65.66,66.12
1627642640.0,89.20,65.84,66.32
1627642670.0,89.10,65.66,66.11
1627642700.0,89.10,65.84,66.31
1627642730.0,89.20,65.66,66.12
1627642760.0,89.10,65.66,66.11
1627642789.0,89.20,65.66,66.12
1627642819.0,89.30,65.66,66.12
1627642849.0,89.20,65.66,66.12
1627642879.0,89.20,65.84,66.32
1627642909.0,89.10,65.84,66.31
1627642939.0,89.00,65.84,66.31
1627642969.0,89.10,65.84,66.31
1627642999.0,89.20,65.84,66.32
1627643029.0,89.20,65.84,66.32
1627643059.0,89.20,65.84,66.32
1627643089.0,89.20,65.84,66.32
1627643119.0,89.10,65.84,66.31
1627643149.0,89.00,65.84,66.31
1627643179.0,88.90,65.84,66.30
1627643209.0,88.90,66.02,66.50
1627643239.0,89.00,66.02,66.50
1627643269.0,89.00,66.02,66.50
1627643299.0,89.00,66.02,66.50
1627643329.0,89.00,66.02,66.50
1627643359.0,89.10,66.02,66.51
1627643389.0,89.00,66.02,66.50
1627643419.0,89.00,66.02,66.50
1627643449.0,89.10,66.02,66.51
1627643479.0,89.00,66.02,66.50
1627643509.0,89.10,66.02,66.51
1627643539.0,89.10,66.02,66.51
1627643569.0,89.10,66.02,66.51
1627643599.0,89.00,66.02,66.50
1627643629.0,89.00,66.02,66.50
1627643659.0,89.10,66.02,66.51
1627643689.0,89.00,66.02,66.50
1627643718.0,89.00,66.02,66.50
1627643748.0,89.00,66.20,66.70
1627643778.0,88.90,66.20,66.70
1627643808.0,89.00,66.02,66.50
1627643838.0,89.10,66.20,66.71
1627643868.0,89.00,66.02,66.50
1627643898.0,89.00,66.02,66.50
1627643928.0,89.00,66.20,66.70
1627643958.0,88.90,66.20,66.70
1627643988.0,89.10,66.20,66.71
1627644018.0,89.20,66.20,66.71
1627644048.0,89.20,66.20,66.71
1627644078.0,89.20,66.20,66.71
1627644108.0,89.30,66.20,66.72
1627644138.0,89.20,66.20,66.71
1627644168.0,89.20,66.20,66.71
1627644198.0,89.20,66.20,66.71
1627644228.0,89.20,66.20,66.71
1627644258.0,89.20,66.20,66.71
1627644288.0,89.20,66.20,66.71
1627644318.0,89.10,66.38,66.91
1627644348.0,89.20,66.20,66.71
1627644378.0,89.30,66.38,66.92
1627644408.0,89.10,66.38,66.91
1627644438.0,89.10,66.38,66.91
1627644468.0,89.10,66.38,66.91
1627644498.0,89.10,66.38,66.91
1627644528.0,89.10,66.38,66.91
1627644558.0,89.00,66.38,66.90
1627644588.0,89.10,66.38,66.91
1627644618.0,89.10,66.38,66.91
1627644647.0,89.00,66.38,66.90
1627644677.0,89.10,66.38,66.91
1627644707.0,89.10,66.38,66.91
1627644737.0,89.10,66.38,66.91
1627644767.0,89.30,66.38,66.92
1627644797.0,89.40,66.38,66.92
1627644827.0,89.30,66.38,66.92
1627644857.0,89.20,66.38,66.91
1627644887.0,89.20,66.56,67.11
1627644917.0,89.30,66.56,67.11
1627644947.0,89.20,66.56,67.11
1627644977.0,89.10,66.56,67.10
1627645007.0,89.10,66.56,67.10
1627645037.0,89.20,66.56,67.11
1627645067.0,89.30,66.56,67.11
1627645097.0,89.20,66.56,67.11
1627645127.0,89.20,66.56,67.11
1627645157.0,89.10,66.56,67.10
1627645187.0,89.00,66.74,67.30
1627645217.0,89.00,66.74,67.30
1627645247.0,89.10,66.74,67.30
1627645277.0,89.10,66.74,67.30
1627645307.0,89.10,66.74,67.30
1627645337.0,89.20,66.74,67.31
1627645367.0,89.10,66.74,67.30
1627645397.0,89.20,66.74,67.31
1627645427.0,89.20,66.74,67.31
1627645457.0,89.20,66.74,67.31
1627645487.0,89.30,66.74,67.31
1627645517.0,89.20,66.74,67.31
1627645547.0,89.10,66.74,67.30
1627645576.0,89.10,66.74,67.30
1627645606.0,89.00,66.92,67.49
1627645636.0,89.00,66.92,67.49
1627645666.0,89.00,66.92,67.49
1627645696.0,89.00,66.92,67.49
1627645726.0,89.00,66.92,67.49
1627645756.0,89.00,66.92,67.49
1627645786.0,89.10,66.92,67.50
1627645816.0,89.10,66.92,67.50
1627645846.0,89.10,67.10,67.70
1627645876.0,89.00,67.10,67.69
1627645906.0,89.00,67.10,67.69
1627645936.0,88.90,67.10,67.69
1627645966.0,89.00,67.10,67.69
1627645996.0,88.90,67.10,67.69
1627646026.0,88.80,67.10,67.68
1627646056.0,88.80,67.10,67.68
1627646086.0,88.70,67.28,67.88
1627646116.0,88.70,67.28,67.88
1627646146.0,88.70,67.28,67.88
1627646176.0,88.70,67.28,67.88
1627646206.0,88.60,67.28,67.87
1627646236.0,88.60,67.28,67.87
1627646266.0,88.70,67.46,68.07
1627646296.0,88.70,67.46,68.07
1627646326.0,88.50,67.46,68.07
1627646356.0,88.40,67.46,68.06
1627646386.0,88.40,67.64,68.26
1627646416.0,88.40,67.64,68.26
1627646446.0,88.30,67.64,68.25
1627646476.0,88.30,67.64,68.25
1627646505.0,88.20,67.82,68.45
1627646535.0,88.10,67.82,68.44
1627646565.0,88.00,68.00,68.64
1627646595.0,87.70,68.00,68.62
1627646625.0,87.80,68.00,68.63
1627646655.0,87.80,68.00,68.63
1627646685.0,87.90,68.00,68.63
1627646715.0,88.00,68.00,68.64
1627646745.0,87.90,68.00,68.63
1627646775.0,87.90,68.18,68.83
1627646805.0,88.00,68.00,68.64
1627646835.0,88.00,68.18,68.83
1627646865.0,87.90,68.18,68.83
1627646895.0,87.90,68.18,68.83
1627646925.0,87.90,68.18,68.83
1627646955.0,88.00,68.18,68.83
1627646985.0,87.90,68.18,68.83
1627647015.0,87.80,68.18,68.82
1627647045.0,87.80,68.18,68.82
1627647075.0,87.70,68.18,68.82
1627647105.0,87.80,68.18,68.82
1627647135.0,87.90,68.18,68.83
1627647165.0,87.90,68.18,68.83
1627647195.0,88.00,68.18,68.83
1627647225.0,87.90,68.18,68.83
1627647255.0,88.00,68.18,68.83
1627647285.0,88.00,68.18,68.83
1627647315.0,87.80,68.18,68.82
1627647345.0,87.80,68.18,68.82
1627647375.0,87.70,68.18,68.82
1627647405.0,87.80,68.18,68.82
1627647435.0,87.90,68.18,68.83
1627647464.0,87.90,68.18,68.83
1627647494.0,87.70,68.18,68.82
1627647524.0,87.60,68.36,69.01
1627647554.0,87.60,68.36,69.01
1627647584.0,87.70,68.36,69.02
1627647614.0,87.60,68.36,69.01
1627647644.0,87.50,68.36,69.01
1627647674.0,87.60,68.36,69.01
1627647704.0,87.60,68.36,69.01
1627647734.0,87.50,68.36,69.01
1627647764.0,87.60,68.36,69.01
1627647794.0,87.70,68.36,69.02
1627647824.0,87.70,68.36,69.02
1627647854.0,87.70,68.36,69.02
1627647884.0,87.70,68.36,69.02
1627647914.0,87.70,68.36,69.02
1627647944.0,87.70,68.36,69.02
1627647974.0,87.80,68.36,69.02
1627648004.0,87.70,68.36,69.02
1627648034.0,87.70,68.54,69.22
1627648064.0,87.60,68.54,69.21
1627648094.0,87.40,68.54,69.20
1627648124.0,87.40,68.54,69.20
1627648154.0,87.20,68.72,69.39
1627648184.0,87.20,68.72,69.39
1627648214.0,87.40,68.90,69.60
1627648244.0,87.30,68.90,69.59
1627648274.0,87.30,68.90,69.59
1627648304.0,87.00,68.90,69.58
1627648334.0,86.70,68.90,69.56
1627648363.0,86.80,68.90,69.57
1627648393.0,86.80,68.90,69.57
1627648423.0,86.50,68.90,69.56
1627648453.0,86.60,68.90,69.56
1627648483.0,86.70,68.90,69.56
1627648513.0,86.60,68.90,69.56
1627648543.0,86.70,68.90,69.56
1627648573.0,86.90,68.90,69.57
1627648603.0,86.90,68.90,69.57
1627648633.0,86.90,68.90,69.57
1627648663.0,86.90,68.90,69.57
1627648693.0,86.80,68.90,69.57
1627648723.0,86.80,68.90,69.57
1627648753.0,86.90,69.08,69.77
1627648783.0,87.00,69.08,69.78
1627648813.0,87.10,69.08,69.78
1627648843.0,87.10,69.08,69.78
1627648873.0,87.10,69.08,69.78
1627648903.0,87.20,69.08,69.79
1627648933.0,87.10,69.08,69.78
1627648963.0,87.10,69.08,69.78
1627648993.0,87.10,69.08,69.78
1627649023.0,87.20,69.08,69.79
1627649053.0,87.20,69.08,69.79
1627649083.0,87.20,69.08,69.79
1627649113.0,87.30,69.08,69.79
1627649143.0,87.30,69.08,69.79
1627649173.0,87.20,69.08,69.79
1627649203.0,87.20,69.26,69.98
1627649233.0,87.30,69.26,69.99
1627649263.0,87.20,69.26,69.98
1627649293.0,87.30,69.26,69.99
1627649322.0,87.30,69.26,69.99
1627649352.0,87.50,69.26,70.00
1627649382.0,87.40,69.26,69.99
1627649412.0,87.30,69.26,69.99
1627649442.0,87.40,69.26,69.99
1627649472.0,87.30,69.26,69.99
1627649502.0,87.40,69.26,69.99
1627649532.0,87.60,69.26,70.00
1627649562.0,87.60,69.26,70.00
1627649592.0,87.60,69.26,70.00
1627649622.0,87.40,69.26,69.99
1627649652.0,87.30,69.26,69.99
1627649682.0,87.30,69.44,70.19
1627649712.0,87.30,69.44,70.19
1627649742.0,87.40,69.44,70.19
1627649772.0,87.40,69.44,70.19
1627649802.0,87.50,69.44,70.20
1627649832.0,87.30,69.44,70.19
1627649862.0,87.30,69.44,70.19
1627649892.0,87.10,69.62,70.38
1627649922.0,86.80,69.62,70.36
1627649952.0,86.40,69.62,70.34
1627649982.0,86.20,69.62,70.33
1627650012.0,86.30,69.62,70.34
1627650042.0,86.50,69.62,70.35
1627650072.0,86.50,69.80,70.55
1627650102.0,86.40,69.80,70.54
1627650132.0,86.50,69.80,70.55
1627650162.0,86.50,69.80,70.55
1627650192.0,86.50,69.98,70.74
1627650222.0,86.50,69.98,70.74
1627650251.0,86.40,69.98,70.74
1627650281.0,86.20,69.98,70.73
1627650311.0,86.30,70.16,70.93
1627650341.0,86.00,70.16,70.92
1627650371.0,86.10,70.16,70.92
1627650401.0,86.20,70.16,70.93
1627650431.0,85.90,70.34,71.11
1627650461.0,85.70,70.34,71.10
1627650491.0,85.70,70.34,71.10
1627650521.0,85.80,70.34,71.11
1627650551.0,86.00,70.52,71.31
1627650581.0,85.90,70.52,71.31
1627650611.0,85.90,70.52,71.31
1627650641.0,85.30,70.52,71.28
1627650671.0,84.90,70.52,71.26
1627650701.0,85.30,70.52,71.28
1627650731.0,85.60,70.52,71.30
1627650761.0,85.60,70.52,71.30
1627650791.0,85.50,70.52,71.29
1627650821.0,85.30,70.70,71.48
1627650851.0,85.20,70.70,71.47
1627650881.0,85.40,70.70,71.48
1627650911.0,85.40,70.88,71.68
1627650941.0,85.00,70.88,71.66
1627650971.0,84.90,70.88,71.66
1627651001.0,84.50,70.88,71.64
1627651031.0,84.50,71.06,71.84
1627651061.0,84.40,71.06,71.83
1627651091.0,84.60,71.06,71.84
1627651121.0,84.40,71.06,71.83
1627651151.0,84.20,71.06,71.82
1627651181.0,84.40,71.06,71.83
1627651210.0,84.60,71.06,71.84
1627651240.0,84.70,71.06,71.85
1627651270.0,84.60,71.24,72.04
1627651300.0,84.60,71.24,72.04
1627651330.0,84.60,71.24,72.04
1627651360.0,84.40,71.42,72.23
1627651390.0,84.20,71.42,72.22
1627651420.0,84.20,71.42,72.22
1627651450.0,84.10,71.42,72.21
1627651480.0,83.90,71.42,72.21
1627651510.0,83.70,71.60,72.39
1627651540.0,83.80,71.60,72.40
1627651570.0,84.00,71.60,72.41
1627651600.0,83.50,71.60,72.38
1627651630.0,83.60,71.60,72.39
1627651660.0,83.60,71.60,72.39
1627651690.0,83.70,71.60,72.39
1627651720.0,83.60,71.60,72.39
1627651750.0,83.80,71.60,72.40
1627651780.0,84.10,71.60,72.41
1627651810.0,84.00,71.78,72.61
1627651840.0,84.00,71.78,72.61
1627651870.0,84.00,71.78,72.61
1627651900.0,83.60,71.78,72.59
1627651930.0,83.30,71.78,72.57
1627651960.0,83.20,71.78,72.57
1627651990.0,83.30,71.78,72.57
1627652020.0,83.00,71.78,72.56
1627652050.0,82.90,71.78,72.55
1627652080.0,83.10,71.78,72.56
1627652109.0,82.90,71.78,72.55
1627652139.0,82.80,71.96,72.75
1627652169.0,83.10,71.78,72.56
1627652199.0,83.30,71.96,72.77
1627652229.0,83.30,71.96,72.77
1627652259.0,83.40,71.96,72.78
1627652289.0,83.50,71.96,72.78
1627652319.0,83.50,71.96,72.78
1627652349.0,83.10,71.96,72.76
1627652379.0,83.00,71.96,72.76
1627652409.0,82.90,71.96,72.75
1627652439.0,83.20,71.96,72.77
1627652469.0,83.20,72.14,72.96
1627652499.0,83.20,72.14,72.96
1627652529.0,83.20,72.14,72.96
1627652559.0,83.40,71.96,72.78
1627652589.0,83.50,71.96,72.78
1627652619.0,83.60,71.96,72.79
1627652649.0,83.60,71.96,72.79
1627652679.0,83.30,71.96,72.77
1627652709.0,83.40,71.96,72.78
1627652739.0,83.50,71.96,72.78
1627652769.0,83.20,71.96,72.77
1627652799.0,83.10,71.96,72.76
1627652829.0,83.00,71.96,72.76
1627652859.0,82.90,72.14,72.95
1627652889.0,83.00,72.14,72.95
1627652919.0,83.00,72.14,72.95
1627652949.0,83.20,72.14,72.96
1627652979.0,83.20,72.14,72.96
1627653009.0,83.00,72.14,72.95
1627653038.0,83.20,72.14,72.96
1627653068.0,82.90,72.32,73.15
1627653098.0,82.80,72.32,73.14
1627653128.0,82.90,72.32,73.15
1627653158.0,82.90,72.32,73.15
1627653188.0,83.00,72.32,73.15
1627653218.0,83.20,72.32,73.16
1627653248.0,83.10,72.32,73.16
1627653278.0,82.70,72.32,73.14
1627653308.0,82.40,72.50,73.32
1627653338.0,82.70,72.50,73.34
1627653368.0,82.80,72.50,73.34
1627653398.0,82.90,72.50,73.35
1627653428.0,82.60,72.50,73.33
1627653458.0,82.40,72.68,73.52
1627653488.0,82.30,72.68,73.52
1627653518.0,82.20,72.68,73.51
1627653548.0,82.30,72.68,73.52
1627653578.0,82.40,72.68,73.52
1627653608.0,82.60,72.86,73.73
1627653638.0,82.30,72.86,73.71
1627653668.0,82.00,72.86,73.70
1627653698.0,81.30,72.86,73.67
1627653728.0,81.40,73.04,73.87
1627653758.0,81.50,73.04,73.87
1627653788.0,81.50,73.04,73.87
1627653818.0,81.50,73.04,73.87
1627653848.0,80.60,73.22,74.03
1627653880.0,80.90,73.22,74.04
1627653908.0,80.90,73.22,74.04
1627653938.0,80.40,73.22,74.02
1627653968.0,80.10,73.40,74.20
1627653997.0,80.30,73.40,74.21
1627654027.0,80.20,73.40,74.21
1627654057.0,80.00,73.58,74.40
1627654087.0,79.80,73.58,74.39
1627654117.0,79.80,73.76,74.59
1627654147.0,79.80,73.76,74.59
1627654177.0,79.60,73.94,74.78
1627654207.0,79.40,73.94,74.77
1627654237.0,79.20,73.94,74.76
1627654267.0,78.70,73.94,74.73
1627654297.0,79.00,74.12,74.94
1627654327.0,79.40,74.12,74.96
1627654357.0,79.30,74.30,75.16
1627654387.0,79.40,74.30,75.16
1627654417.0,79.10,74.30,75.15
1627654447.0,78.50,74.30,75.12
1627654477.0,78.50,74.48,75.32
1627654507.0,78.60,74.66,75.52
1627654537.0,78.50,74.66,75.52
1627654567.0,78.50,74.84,75.71
1627654597.0,78.40,75.02,75.91
1627654761.0,77.40,75.92,76.85
1627654763.0,76.00,76.82,77.77
1627654767.0,75.00,77.72,78.72
1627654768.0,72.90,78.80,81.32
1627654777.0,71.10,79.70,82.60
1627654807.0,69.70,80.60,83.90
1627654837.0,68.60,81.32,84.93
1627654867.0,67.80,81.86,85.72
1627654897.0,67.10,82.40,86.52
1627654927.0,66.30,82.76,86.98
1627654957.0,65.70,82.40,86.21
1627654986.0,66.60,81.68,85.17
1627655016.0,66.70,81.50,84.89
1627655046.0,66.70,81.68,85.19
1627655076.0,67.10,81.50,84.97
1627655106.0,67.00,81.50,84.95
1627655136.0,67.90,81.14,84.51
1627655166.0,67.90,80.78,83.92
1627655196.0,68.50,80.60,83.72
1627655226.0,69.00,80.24,83.21
1627655256.0,69.50,79.88,82.70
1627655286.0,69.70,79.52,82.17
1627655316.0,70.10,79.34,81.94
1627655346.0,70.70,78.98,81.44
1627655376.0,71.20,78.80,81.21
1627655406.0,71.20,78.62,80.94
1627655436.0,70.90,78.44,80.67
1627655466.0,71.40,78.26,80.43
1627655662.0,71.90,78.08,78.97
1627655663.0,72.00,78.08,78.97
1627655663.0,72.50,77.90,78.80
1627655664.0,72.40,77.90,78.79
1627655666.0,72.80,77.72,78.61
1627655667.0,72.60,77.72,78.60
1627655676.0,72.90,77.54,78.42
1627655706.0,72.90,77.54,78.42
1627655736.0,71.40,77.36,78.15
1627655766.0,72.00,77.36,78.18
1627655796.0,72.20,77.36,78.19
1627655826.0,72.90,77.36,78.22
1627655856.0,73.20,77.18,78.04
1627655886.0,73.30,77.18,78.04
1627655916.0,73.40,77.18,78.05
1627655946.0,73.20,77.18,78.04
1627656911.0,73.60,77.00,77.86
1627656921.0,73.50,77.00,77.85
1627656934.0,73.30,77.00,77.85
1627656940.0,73.40,77.00,77.85
1627656949.0,73.30,76.82,77.65
1627656959.0,73.90,76.82,77.68
1627656970.0,73.70,76.82,77.67
1627656984.0,73.00,76.82,77.63
1627656988.0,72.90,76.82,77.63
1627656991.0,73.50,76.82,77.66
1627657016.0,73.70,77.00,77.86
1627657029.0,74.00,77.00,77.88
1627657045.0,73.70,77.00,77.86
1627657055.0,74.50,77.00,77.90
1627657069.0,74.40,77.00,77.90
1627657126.0,73.50,77.18,78.05
1627657133.0,73.60,77.36,78.26
1627657153.0,74.20,77.36,78.28
1627657163.0,73.70,77.36,78.26
1627657176.0,73.40,77.54,78.44
1627657304.0,75.10,77.54,78.52
1627657391.0,74.90,77.72,78.71
1627657392.0,73.70,77.72,78.66
1627657392.0,73.90,77.90,78.86
1627657392.0,74.10,77.90,78.87
1627657392.0,73.90,77.90,78.86
1627657392.0,73.70,77.90,78.85
1627657392.0,73.10,77.90,78.83
1627657392.0,73.00,77.90,78.82
1627657392.0,72.90,77.90,78.82
1627657392.0,73.80,77.72,78.66
1627657392.0,72.70,77.72,78.61
1627657392.0,72.60,77.72,78.60
1627657392.0,72.90,77.72,78.62
1627657414.0,72.10,77.72,78.58
1627657444.0,72.70,77.72,78.61
1627657474.0,72.60,77.54,78.41
1627657504.0,73.10,77.72,78.63
1627657534.0,73.10,77.54,78.43
1627657564.0,72.70,77.54,78.41
1627657594.0,73.00,77.54,78.43
1627657624.0,73.60,77.54,78.45
1627657654.0,74.20,77.54,78.48
1627657684.0,74.80,77.54,78.51
1627657714.0,74.60,77.54,78.50
1627657744.0,73.10,77.54,78.43
1627657774.0,73.40,77.54,78.44
1627657804.0,72.40,77.54,78.40
1627657834.0,72.90,77.54,78.42
1627657864.0,72.90,77.54,78.42
1627657894.0,73.50,77.54,78.45
1627657924.0,72.70,77.54,78.41
1627657954.0,72.60,77.36,78.21
1627657984.0,72.60,77.36,78.21
1627658014.0,72.70,77.54,78.41
1627658044.0,72.60,77.54,78.41
1627658073.0,73.00,77.54,78.43
1627658103.0,73.10,77.54,78.43
1627658133.0,73.30,77.54,78.44
1627658163.0,72.80,77.54,78.42
1627658193.0,73.30,77.54,78.44
1627658223.0,72.90,77.54,78.42
1627658253.0,72.90,77.54,78.42
1627658283.0,72.90,77.72,78.62
1627658313.0,71.80,77.54,78.37
1627658343.0,72.10,77.54,78.38
1627658373.0,71.50,77.54,78.35
1627658403.0,72.60,77.54,78.41
1627658433.0,73.00,77.54,78.43
1627658463.0,74.20,77.54,78.48
1627658493.0,74.40,77.54,78.49
1627658523.0,73.30,77.54,78.44
1627658553.0,73.00,77.54,78.43
1627658583.0,73.00,77.54,78.43
1627658613.0,73.00,77.72,78.62
1627658643.0,72.30,77.72,78.59
1627658673.0,72.70,77.72,78.61
1627658703.0,73.30,77.72,78.64
1627658733.0,73.90,77.72,78.67
1627658763.0,73.20,77.90,78.83
1627658793.0,73.00,77.90,78.82
1627658823.0,73.00,77.90,78.82
1627658853.0,72.70,77.90,78.81
1627658883.0,73.20,77.90,78.83
1627658913.0,73.10,77.90,78.83
1627658943.0,72.20,77.90,78.78
1627658973.0,71.20,78.08,78.93
1627659003.0,71.90,78.08,78.97
1627659033.0,71.90,78.08,78.97
1627659062.0,72.30,78.08,78.99
1627659092.0,72.10,78.26,80.46
1627659122.0,72.20,78.44,80.73
1627659152.0,71.80,78.44,80.71
1627659182.0,72.30,78.44,80.74
1627659212.0,72.60,78.62,81.03
1627659242.0,72.80,78.44,80.76
1627659272.0,73.00,78.62,81.05
1627659302.0,71.90,78.44,80.72
1627659332.0,71.80,78.44,80.71
1627659362.0,72.90,78.44,80.77
1627659392.0,73.30,78.62,81.07
1627659422.0,73.50,78.62,81.08
1627659452.0,72.90,78.62,81.04
1627659482.0,72.10,78.80,81.27
1627659512.0,71.80,78.80,81.25
1627659542.0,71.50,78.98,81.50
1627659572.0,71.80,79.16,81.81
1627659602.0,71.90,79.16,81.81
1627659632.0,71.90,79.34,82.10
1627659662.0,71.40,79.34,82.05
1627659692.0,71.50,79.52,82.35
1627659722.0,71.60,79.52,82.36
1627659752.0,70.90,79.52,82.29
1627659782.0,71.30,79.70,82.62
1627659812.0,72.00,79.88,83.00
1627659842.0,71.20,80.06,83.20
1627659872.0,70.50,80.24,83.41
1627659902.0,70.00,80.24,83.34
1627659932.0,69.90,80.42,83.62
1627659962.0,70.00,80.42,83.64
1627659992.0,70.60,80.42,83.72
1627660021.0,70.90,80.60,84.08
1627660051.0,71.10,80.60,84.11
1627660081.0,71.40,80.60,84.15
1627660111.0,71.40,80.42,83.84
1627660141.0,70.20,80.42,83.67
1627660171.0,70.60,80.24,83.42
1627660201.0,70.10,80.24,83.36
1627660231.0,70.80,80.06,83.15
1627660261.0,71.90,80.06,83.29
1627660291.0,71.80,80.06,83.27
1627660321.0,70.50,80.06,83.11
1627660351.0,69.80,80.06,83.03
1627660381.0,71.20,80.06,83.20
1627660411.0,71.60,80.24,83.56
1627660441.0,71.70,80.24,83.57
1627660471.0,71.60,80.24,83.56
1627660501.0,71.40,80.24,83.53
1627660531.0,71.70,80.24,83.57
1627660561.0,70.50,80.24,83.41
1627660591.0,69.90,80.24,83.33
1627660621.0,71.00,80.24,83.48
1627660651.0,71.20,80.24,83.50
1627660681.0,70.50,80.24,83.41
1627660711.0,70.40,80.42,83.70
1627660741.0,70.10,80.42,83.65
1627660771.0,70.90,80.60,84.08
1627660801.0,70.80,80.78,84.37
1627660831.0,70.60,80.78,84.34
1627660861.0,70.90,80.96,84.71
1627660891.0,70.50,81.14,84.96
1627660921.0,71.10,81.14,85.07
1627660951.0,71.00,81.14,85.05
1627660981.0,70.90,81.32,85.36
1627661011.0,71.50,81.32,85.47
1627661040.0,71.10,81.32,85.39
1627661070.0,70.90,81.14,85.03
1627661100.0,70.30,81.14,84.92
1627661130.0,70.30,81.14,84.92
1627661160.0,70.50,81.32,85.28
1627661190.0,69.80,81.32,85.15
1627661220.0,70.80,81.32,85.34
1627661250.0,70.80,81.32,85.34
1627661280.0,70.90,81.50,85.69
1627661310.0,70.50,81.50,85.61
1627661340.0,70.00,81.68,85.84
1627661370.0,69.10,81.68,85.66
1627661400.0,69.30,81.32,85.06
1627661430.0,69.60,81.50,85.44
1627661460.0,69.70,81.50,85.46
1627661490.0,70.10,81.68,85.86
1627661520.0,70.20,81.86,86.22
1627661550.0,70.70,81.86,86.32
1627661580.0,70.20,81.86,86.22
1627661610.0,69.90,82.04,86.49
1627661640.0,69.00,82.04,86.29
1627661670.0,69.60,82.04,86.42
1627661700.0,69.40,81.86,86.05
1627661730.0,69.60,81.86,86.09
1627661760.0,70.00,82.04,86.51
1627661790.0,70.10,82.04,86.53
1627661820.0,70.70,82.04,86.67
1627661850.0,69.90,82.04,86.49
1627661880.0,69.30,82.22,86.69
1627661910.0,69.20,82.22,86.67
1627661940.0,69.30,82.22,86.69
1627661970.0,68.60,82.22,86.54
1627662000.0,68.70,82.22,86.56
1627662030.0,69.00,82.22,86.63
1627662059.0,69.10,82.40,86.99
1627662089.0,69.10,82.40,86.99
1627662119.0,69.90,82.40,87.18
1627662149.0,69.60,82.58,87.45
1627662179.0,69.50,82.76,87.78
1627662209.0,69.90,82.94,88.24
1627662239.0,69.60,83.12,88.52
1627662269.0,68.90,83.30,88.69
1627662299.0,69.20,83.66,89.51
1627662329.0,67.60,83.84,89.39
1627662359.0,68.70,84.02,90.10
1627662389.0,69.10,84.20,90.61
1627662419.0,67.80,84.56,90.94
1627662449.0,68.00,84.74,91.40
1627662479.0,68.60,84.92,92.00
1627662509.0,68.50,84.92,91.97
1627662539.0,66.40,84.92,91.22
1627662569.0,67.40,84.92,91.57
1627662599.0,69.00,85.10,92.55
1627662629.0,67.20,85.10,91.88
1627662659.0,67.60,84.92,91.64
1627662689.0,66.50,84.92,91.25
1627662719.0,66.00,84.92,91.08
1627662749.0,66.00,84.74,90.71
1627662779.0,66.50,84.56,90.51
1627662809.0,68.20,84.38,90.70
1627662839.0,68.90,84.38,90.93
1627662869.0,68.00,84.20,90.25
1627662899.0,67.30,84.20,90.03
1627662929.0,67.10,84.02,89.60
1627662959.0,67.60,83.84,89.39
1627662989.0,67.40,83.84,89.33
1627663019.0,67.40,83.66,88.98
1627663048.0,67.10,83.66,88.89
1627663078.0,67.50,83.48,88.65
1627663108.0,67.20,83.12,87.88
1627663138.0,67.70,82.76,87.33
1627663168.0,69.90,82.76,87.88
1627663198.0,68.60,82.58,87.21
1627663228.0,69.00,82.76,87.65
1627663258.0,69.20,82.76,87.70
1627663288.0,69.00,82.76,87.65
1627663318.0,69.10,82.94,88.03
1627663348.0,68.80,83.12,88.30
1627663378.0,66.90,83.30,88.14
1627663408.0,67.30,83.30,88.25
1627663438.0,66.40,83.30,88.00
1627663468.0,65.40,83.12,87.41
1627663498.0,65.30,82.76,86.74
1627663528.0,65.20,82.58,86.41
1627663558.0,64.80,82.40,86.01
1627663588.0,64.70,82.22,85.69
1627663618.0,64.70,82.22,85.69
1627663648.0,64.90,82.04,85.43
1627663678.0,65.40,81.86,85.24
1627663708.0,65.90,81.68,85.04
1627663738.0,65.60,81.50,84.69
1627663768.0,65.80,81.32,84.44
1627663798.0,65.60,81.14,84.12
1627663828.0,65.60,80.78,83.57
1627663858.0,65.80,80.60,83.33
1627663888.0,66.00,80.42,83.09
1627663918.0,66.40,80.24,82.88
1627663948.0,67.00,80.06,82.68
1627663978.0,67.40,79.88,82.47
1627664008.0,67.90,79.88,82.52
1627664038.0,67.90,79.70,82.26
1627664068.0,67.50,79.52,81.96
1627664097.0,68.00,79.52,82.00
1627664127.0,68.30,79.52,82.03
1627664157.0,68.90,79.34,81.83
1627664187.0,69.00,79.34,81.84
1627664217.0,69.10,79.52,82.11
1627664247.0,69.00,79.70,82.37
1627664277.0,68.90,79.88,82.64
1627664307.0,68.80,80.06,82.90
1627664337.0,67.90,80.42,83.35
1627664367.0,67.20,80.60,83.53
1627664397.0,66.80,80.96,84.03
1627664427.0,66.80,81.32,84.61
1627664457.0,66.30,81.50,84.82
1627664487.0,65.90,81.86,85.34
1627664517.0,65.70,82.04,85.60
1627664547.0,65.40,82.22,85.84
1627664577.0,65.20,82.40,86.10
1627664607.0,65.00,82.58,86.36
1627664637.0,64.80,82.58,86.32
1627664667.0,64.30,82.76,86.51
1627664697.0,64.00,82.94,86.75
1627664727.0,64.10,83.30,87.40
1627664757.0,64.40,83.30,87.48
1627664787.0,63.90,83.66,87.99
1627664817.0,63.70,83.84,88.26
1627664847.0,63.30,84.02,88.47
1627664877.0,63.70,84.20,88.92
1627664907.0,63.40,84.20,88.83
1627664937.0,63.10,84.38,89.08
1627664967.0,63.40,84.56,89.51
1627664997.0,63.40,84.56,89.51
1627665027.0,62.70,84.74,89.62
1627665057.0,62.60,84.92,89.93
1627665087.0,62.90,85.10,90.38
1627665116.0,63.10,85.28,90.80
1627665146.0,63.20,85.28,90.83
1627665176.0,63.00,85.46,91.12
1627665206.0,62.80,85.64,91.40
1627665236.0,62.80,85.82,91.77
1627665266.0,62.70,86.00,92.09
1627665296.0,62.20,86.00,91.91
1627665326.0,61.70,86.18,92.08
1627665356.0,61.50,86.36,92.37
1627665386.0,61.20,86.54,92.61
1627665416.0,61.20,86.54,92.61
1627665446.0,61.00,86.36,92.17
1627665476.0,61.30,86.18,91.93
1627665506.0,60.50,86.00,91.28
1627665536.0,60.40,86.00,91.24
1627665566.0,60.40,85.82,90.90
1627665596.0,60.30,85.64,90.52
1627665626.0,60.70,85.46,90.32
1627665656.0,60.90,85.28,90.05
1627665686.0,61.20,84.92,89.48
1627665716.0,61.40,84.92,89.55
1627665746.0,61.30,85.10,89.85
1627665776.0,60.90,85.10,89.72
1627665806.0,60.90,85.28,90.05
1627665836.0,60.70,85.46,90.32
1627665866.0,60.40,85.46,90.22
1627665896.0,60.50,85.46,90.25
1627665926.0,60.60,85.28,89.95
1627665956.0,61.00,84.92,89.42
1627665986.0,61.10,84.92,89.45
1627666016.0,61.20,84.92,89.48
1627666046.0,60.90,85.10,89.72
1627666076.0,61.10,85.10,89.78
1627666106.0,61.40,85.10,89.88
1627666136.0,61.30,85.28,90.18
1627666165.0,61.20,85.46,90.49
1627666195.0,61.30,85.46,90.53
1627666225.0,60.80,85.28,90.02
1627666255.0,60.30,85.10,89.53
1627666285.0,60.00,84.92,89.11
1627666315.0,60.30,84.56,88.56
1627666345.0,60.80,84.38,88.40
1627666375.0,61.40,84.20,88.25
1627666405.0,62.10,83.84,87.82
1627666435.0,62.90,83.66,87.72
1627666465.0,62.90,83.48,87.40
1627666495.0,63.10,83.12,86.84
1627666525.0,63.60,82.94,86.65
1627666555.0,63.70,82.76,86.37
1627666585.0,63.40,82.58,86.00
1627666615.0,63.50,82.58,86.03
1627666645.0,63.40,82.40,85.71
1627666675.0,63.30,82.22,85.40
1627666705.0,63.00,82.04,85.06
1627666735.0,63.20,82.04,85.10
1627666765.0,63.40,81.86,84.85
1627666795.0,63.80,81.68,84.65
1627666825.0,64.10,81.50,84.43
1627666855.0,64.60,81.32,84.24
1627666885.0,65.30,81.14,84.07
1627666915.0,65.80,80.96,83.88
1627666945.0,65.80,80.96,83.88
1627666975.0,65.70,80.78,83.59
1627667005.0,66.00,80.60,83.36
1627667035.0,66.40,80.42,83.14
1627667065.0,66.00,80.24,82.83
1627667095.0,66.10,80.06,82.58
1627667125.0,66.10,79.88,82.32
1627667154.0,66.20,79.70,82.08
1627667184.0,66.30,79.70,82.09
1627667214.0,66.50,79.52,81.86
1627667244.0,66.50,79.34,81.61
1627667274.0,66.70,79.16,81.39
1627667304.0,67.50,78.98,81.21
1627667334.0,68.10,78.80,81.00
1627667364.0,67.80,78.62,80.75
1627667394.0,67.00,78.62,80.70
1627667424.0,66.70,78.44,80.45
1627667454.0,66.50,78.26,78.91
1627667484.0,66.50,78.08,78.71
1627667514.0,67.20,78.08,78.75
1627667544.0,67.70,77.90,78.57
1627667574.0,67.70,77.90,78.57
1627667604.0,67.90,77.90,78.58
1627667634.0,67.60,77.90,78.57
1627667664.0,67.30,77.90,78.55
1627667694.0,67.40,77.90,78.56
1627667724.0,67.60,77.90,78.57
1627667754.0,67.60,77.90,78.57
1627667784.0,67.50,77.90,78.56
1627667814.0,67.70,78.08,78.77
1627667844.0,67.10,78.44,80.47
1627667874.0,67.40,78.80,80.96
1627667904.0,67.80,78.80,80.98
1627667934.0,67.50,78.80,80.96
1627667964.0,67.70,78.80,80.98
1627667994.0,67.70,78.62,80.74
1627668024.0,67.80,78.44,80.51
1627668054.0,68.80,78.26,80.32
1627668084.0,69.30,78.26,80.35
1627668114.0,68.60,78.08,78.81
1627668143.0,67.70,77.90,78.57
1627668173.0,67.40,77.72,78.36
1627668203.0,67.70,77.54,78.18
1627668233.0,67.60,77.36,77.97
1627668263.0,67.90,77.36,77.99
1627668293.0,68.70,77.36,78.02
1627668323.0,68.80,77.18,77.83
1627668353.0,68.90,77.18,77.84
1627668383.0,69.40,77.18,77.86
1627668413.0,69.40,77.36,78.06
1627668443.0,69.20,77.72,78.44
1627668473.0,68.90,78.08,78.83
1627668503.0,68.80,78.44,80.56
1627668533.0,68.40,78.62,80.78
1627668563.0,67.70,78.98,81.22
1627668593.0,67.50,79.16,81.45
1627668623.0,67.70,79.52,81.98
1627668653.0,68.10,79.88,82.55
1627668683.0,67.50,80.24,83.02
1627668713.0,67.20,80.60,83.53
1627668743.0,66.90,80.96,84.05
1627668773.0,66.70,81.14,84.31
1627668803.0,66.10,81.50,84.78
1627668833.0,66.10,81.86,85.38
1627668863.0,65.60,82.04,85.58
1627668893.0,65.10,82.22,85.77
1627668923.0,65.10,82.40,86.08
1627668953.0,65.30,82.22,85.82
1627668983.0,64.70,82.40,85.99
1627669013.0,64.30,82.40,85.90
1627669043.0,64.10,82.58,86.16
1627669073.0,63.60,82.94,86.65
1627669103.0,63.40,83.12,86.91
1627669133.0,63.70,83.48,87.61
1627669162.0,63.80,83.66,87.96
1627669192.0,63.40,83.84,88.18
1627669222.0,63.10,83.66,87.77
1627669252.0,62.80,83.66,87.69
1627669282.0,63.10,83.48,87.46
1627669312.0,62.90,83.48,87.40
1627669342.0,62.80,83.30,87.07
1627669372.0,62.90,83.12,86.79
1627669402.0,62.30,82.94,86.35
1627669432.0,62.10,82.94,86.30
1627669462.0,61.60,83.12,86.48
1627669492.0,61.70,83.30,86.80
1627669522.0,61.70,83.48,87.10
1627669552.0,61.80,83.66,87.43
1627669582.0,61.50,83.84,87.66
1627669612.0,61.40,84.02,87.94
1627669642.0,61.60,84.20,88.31
1627669672.0,61.60,84.38,88.63
1627669702.0,61.10,84.38,88.48
1627669732.0,61.00,84.56,88.77
1627669762.0,60.50,84.74,88.94
1627669792.0,59.80,84.92,89.05
1627669822.0,59.60,85.10,89.30
1627669852.0,59.50,85.28,89.59
1627669882.0,59.80,85.46,90.02
1627669912.0,59.80,85.64,90.35
1627669942.0,59.70,85.82,90.65
1627669972.0,59.20,86.00,90.81
1627670002.0,58.70,86.18,90.97
1627670032.0,58.80,86.36,91.35
1627670062.0,58.00,86.54,91.39
1627670092.0,58.60,86.54,91.61
1627670122.0,58.90,86.72,92.07
1627670152.0,59.60,86.90,92.70
1627670181.0,58.90,87.08,92.78
1627670211.0,57.90,87.26,92.73
1627670241.0,57.60,87.44,92.96
1627670271.0,58.40,87.62,93.65
1627670301.0,58.40,87.62,93.65
1627670331.0,58.50,87.80,94.06
1627670361.0,57.80,87.98,94.12
1627670391.0,57.70,87.98,94.08
1627670421.0,57.90,88.16,94.53
1627670451.0,57.10,88.34,94.55
1627670481.0,56.50,88.34,94.28
1627670511.0,56.50,88.52,94.64
1627670541.0,56.20,88.70,94.87
1627670571.0,56.10,88.70,94.83
1627670601.0,56.50,88.70,95.01
1627670631.0,56.40,88.88,95.33
1627670661.0,55.70,88.88,95.01
1627670691.0,55.60,89.06,95.33
1627670721.0,55.60,89.06,95.33
1627670751.0,56.10,89.24,95.94
1627670781.0,55.40,89.24,95.60
1627670811.0,55.40,89.24,95.60
1627670841.0,55.50,89.42,96.02
1627670871.0,55.30,89.42,95.93
1627670901.0,55.40,89.60,96.35
1627670931.0,55.40,89.78,96.73
1627670961.0,55.30,89.78,96.68
1627670991.0,54.90,89.96,96.86
1627671021.0,54.70,89.96,96.76
1627671051.0,55.00,90.14,97.29
1627671081.0,54.20,90.14,96.88
1627671111.0,54.30,90.32,97.31
1627671141.0,53.40,90.32,96.85
1627671171.0,53.00,90.50,97.02
1627671201.0,52.90,90.50,96.97
1627671230.0,53.00,90.50,97.02
1627671260.0,53.20,90.68,97.50
1627671290.0,53.40,90.68,97.60
1627671320.0,54.10,90.86,98.36
1627671350.0,53.70,90.86,98.15
1627671380.0,53.50,91.04,98.42
1627671410.0,53.00,91.04,98.15
1627671440.0,53.00,91.04,98.15
1627671470.0,52.90,91.22,98.48
1627671500.0,52.30,91.22,98.16
1627671530.0,52.50,91.40,98.65
1627671560.0,52.30,91.04,97.78
1627671590.0,52.70,90.86,97.62
1627671620.0,52.50,90.68,97.14
1627671650.0,52.80,90.32,96.55
1627671680.0,52.80,90.50,96.92
1627671710.0,52.50,90.50,96.77
1627671740.0,52.80,90.50,96.92
1627671770.0,52.80,90.68,97.29
1627671800.0,53.00,90.86,97.77
1627671830.0,52.90,91.04,98.10
1627671860.0,53.00,91.40,98.93
1627671890.0,52.80,91.58,99.21
1627671920.0,52.80,91.76,99.60
1627671950.0,52.70,91.94,99.94
1627671980.0,52.40,92.30,100.56
1627672010.0,52.10,92.48,100.78
1627672040.0,52.00,92.84,101.53
1627672070.0,51.40,93.02,101.57
1627672100.0,51.00,93.02,101.32
1627672130.0,51.10,93.20,101.78
1627672160.0,50.50,93.38,101.81
1627672190.0,50.70,93.74,102.75
1627672220.0,50.00,93.92,102.71
1627672250.0,49.90,94.10,103.06
1627672280.0,49.40,94.46,103.55
1627672309.0,49.60,94.64,104.10
1627672339.0,48.90,95.18,104.87
1627672369.0,49.30,95.54,106.00
1627672399.0,49.60,95.00,104.94
1627672429.0,49.50,94.64,104.03
1627672459.0,49.60,94.64,104.10
1627672489.0,49.50,94.64,104.03
1627672519.0,49.20,94.64,103.83
1627672549.0,50.30,93.38,101.69
1627672579.0,51.20,92.66,100.64
1627672609.0,52.20,91.76,99.26
1627672639.0,53.10,91.04,98.21
1627672669.0,53.40,90.32,96.85
1627672699.0,53.90,89.60,95.62
1627672729.0,53.80,89.06,94.50
1627672759.0,54.40,88.52,93.72
1627672789.0,55.00,87.98,92.94
1627672819.0,55.30,87.44,92.05
1627672849.0,55.80,87.08,91.57
1627672879.0,55.90,86.54,90.63
1627672909.0,56.10,86.36,90.38
1627672939.0,56.50,86.00,89.89
1627672969.0,56.70,85.82,89.64
1627672999.0,56.50,85.82,89.58
1627673029.0,56.40,86.00,89.85
1627673059.0,55.90,86.36,90.32
1627673089.0,55.60,86.18,89.90
1627673119.0,55.80,86.18,89.97
1627673149.0,55.60,85.82,89.29
1627673179.0,56.00,85.64,89.11
1627673209.0,56.30,85.28,88.60
1627673239.0,56.50,85.10,88.36
1627673269.0,56.80,84.74,87.86
1627673299.0,57.40,84.56,87.74
1627673329.0,58.10,84.20,87.35
1627673358.0,58.40,84.02,87.14
1627673388.0,58.90,84.02,87.27
1627673418.0,59.30,84.02,87.37
1627673448.0,59.10,84.20,87.61
1627673478.0,59.20,84.02,87.35
1627673508.0,60.00,84.02,87.56
1627673538.0,59.70,84.20,87.78
1627673568.0,59.60,84.02,87.45
1627673598.0,59.50,83.84,87.13
1627673628.0,60.20,83.66,87.01
1627673658.0,60.00,83.48,86.67
1627673688.0,59.90,83.30,86.36
1627673718.0,59.90,83.12,86.08
1627673748.0,59.70,83.12,86.03
1627673778.0,59.50,83.12,85.99
1627673808.0,59.70,82.94,85.76
1627673838.0,60.30,82.76,85.61
1627673868.0,60.80,82.58,85.44
1627673898.0,61.10,82.40,85.23
1627673928.0,61.30,82.22,85.00
1627673958.0,61.50,82.22,85.04
1627673988.0,62.20,82.04,84.90
1627674018.0,62.60,81.86,84.70
1627674048.0,62.90,81.86,84.76
1627674078.0,63.00,81.68,84.50
1627674108.0,63.20,81.50,84.27
1627674138.0,63.10,81.32,83.98
1627674168.0,62.40,81.32,83.87
1627674198.0,61.40,81.14,83.46
1627674228.0,61.30,80.96,83.20
1627674258.0,61.40,80.96,83.21
1627674288.0,62.00,80.78,83.05
1627674318.0,62.20,80.60,82.84
1627674348.0,62.30,80.60,82.85
1627674377.0,62.30,80.42,82.61
1627674407.0,63.10,80.24,82.47
1627674437.0,62.40,80.24,82.38
1627674467.0,62.60,80.06,82.17
1627674497.0,62.90,80.06,82.21
1627674527.0,63.10,79.88,81.99
1627674557.0,62.90,79.70,81.74
1627674587.0,63.10,79.70,81.76
1627674617.0,63.40,79.52,81.57
1627674647.0,63.80,79.52,81.60
1627674677.0,63.70,79.52,81.59
1627674707.0,63.80,79.34,81.38
1627674737.0,63.90,79.34,81.39
1627674767.0,64.20,79.16,81.19
1627674797.0,64.60,79.16,81.22
1627674827.0,64.50,79.16,81.21
1627674857.0,63.90,78.98,80.94
1627674887.0,63.60,78.98,80.92
1627674917.0,63.60,78.98,80.92
1627674947.0,64.60,78.80,80.77
1627674977.0,65.20,78.80,80.81
1627675007.0,64.90,78.80,80.79
1627675037.0,64.80,78.80,80.79
1627675067.0,65.10,78.80,80.81
1627675097.0,64.90,78.80,80.79
1627675127.0,64.70,78.80,80.78
1627675157.0,64.70,78.98,81.00
1627675187.0,64.80,79.16,81.23
1627675217.0,64.60,79.34,81.45
1627675247.0,64.20,79.52,81.64
1627675277.0,63.40,79.70,81.79
1627675307.0,63.20,79.70,81.77
1627675336.0,63.10,79.88,81.99
1627675366.0,62.90,80.06,82.21
1627675396.0,62.60,80.24,82.41
1627675426.0,62.20,80.60,82.84
1627675456.0,61.60,80.78,83.00
1627675486.0,61.40,81.32,83.71
1627675516.0,61.40,81.68,84.22
1627675546.0,60.90,82.04,84.65
1627675576.0,60.10,82.22,84.77
1627675606.0,60.10,82.58,85.30
1627675636.0,59.60,82.76,85.46
1627675666.0,58.80,82.94,85.56
1627675696.0,60.00,82.94,85.82
1627675726.0,60.90,83.12,86.31
1627675756.0,61.00,83.12,86.34
1627675786.0,60.80,83.30,86.58
1627675816.0,59.90,83.48,86.65
1627675846.0,59.10,83.66,86.74
1627675876.0,58.90,83.84,86.98
1627675906.0,58.70,84.02,87.21
1627675936.0,58.30,84.20,87.40
1627675966.0,58.40,84.20,87.43
1627675996.0,58.00,84.38,87.61
1627676026.0,57.90,84.56,87.88
1627676056.0,57.90,84.56,87.88
1627676086.0,57.30,84.74,88.00
1627676116.0,57.10,84.74,87.95
1627676146.0,56.50,84.74,87.78
1627676176.0,56.20,84.74,87.70
1627676206.0,56.60,84.92,88.10
1627676236.0,56.40,84.92,88.04
1627676266.0,56.60,84.74,87.81
1627676296.0,57.20,84.56,87.68
1627676326.0,57.70,84.20,87.24
1627676355.0,57.80,83.84,86.70
1627676385.0,57.90,83.48,86.17
1627676415.0,58.30,83.30,85.99
1627676445.0,58.80,82.94,85.56
1627676475.0,59.80,82.58,85.24
1627676505.0,60.10,82.40,85.03
1627676535.0,60.80,82.04,84.64
1627676565.0,61.30,81.86,84.46
1627676595.0,61.40,81.50,83.96
1627676625.0,61.50,81.32,83.72
1627676655.0,62.10,81.14,83.56
1627676685.0,62.60,80.78,83.14
1627676715.0,62.60,80.78,83.14
1627676745.0,62.60,80.78,83.14
1627676775.0,62.40,80.60,82.86
1627676805.0,61.20,81.32,83.68
1627676835.0,60.40,81.86,84.30
1627676865.0,60.00,81.86,84.23
1627676895.0,59.40,82.22,84.63
1627676925.0,58.20,82.76,85.17
1627676955.0,57.10,83.48,85.98
1627676985.0,56.50,84.02,86.65
1627677015.0,56.30,84.38,87.16
1627677045.0,55.50,84.92,87.79
1627677075.0,54.80,85.28,88.16
1627677105.0,54.40,85.64,88.62
1627677135.0,54.20,86.00,89.14
1627677165.0,54.00,86.54,89.98
1627677195.0,53.70,87.26,91.12
1627677225.0,53.10,87.98,92.18
1627677255.0,52.90,88.70,93.42
1627677285.0,52.40,89.06,93.89
1627677315.0,51.60,89.60,94.56
1627677345.0,51.50,90.14,95.56
1627677374.0,51.40,90.50,96.22
1627677404.0,51.10,90.86,96.79
1627677434.0,51.10,90.50,96.07
1627677464.0,51.80,89.42,94.31
1627677494.0,52.30,88.52,92.84
1627677524.0,53.20,87.80,91.89
1627677554.0,53.90,87.08,90.88
1627677584.0,54.30,86.54,90.08
1627677614.0,55.30,86.00,89.49
1627677644.0,55.80,85.28,88.45
1627677674.0,56.10,84.74,87.67
1627677704.0,55.80,84.56,87.30
1627677734.0,56.00,84.20,86.80
1627677764.0,56.40,83.84,86.36
1627677794.0,56.40,83.66,86.09
1627677824.0,56.50,83.30,85.59
1627677854.0,57.00,83.12,85.44
1627677884.0,57.70,82.94,85.33
1627677914.0,58.80,82.58,85.03
1627677944.0,59.40,82.40,84.89
1627677974.0,59.50,82.22,84.65
1627678004.0,60.10,82.04,84.50
1627678034.0,60.40,82.04,84.56
1627678064.0,60.50,81.86,84.32
1627678094.0,60.70,81.68,84.10
1627678124.0,61.30,81.50,83.94
1627678154.0,61.20,81.50,83.93
1627678184.0,60.80,81.32,83.61
1627678214.0,61.10,81.14,83.41
1627678244.0,61.20,81.14,83.43
1627678274.0,61.20,80.96,83.18
1627678304.0,61.10,80.96,83.17
1627678334.0,61.00,80.78,82.91
1627678364.0,61.10,80.78,82.93
1627678394.0,60.60,80.60,82.62
1627678423.0,60.60,80.60,82.62
1627678453.0,60.80,80.60,82.65
1627678483.0,61.40,80.60,82.73
1627678513.0,61.60,80.42,82.52
1627678543.0,61.80,80.42,82.55
1627678573.0,62.20,80.42,82.60
1627678603.0,62.50,80.24,82.40
1627678633.0,62.80,80.24,82.43
1627678663.0,63.40,80.06,82.26
1627678693.0,63.30,80.06,82.25
1627678723.0,62.90,80.06,82.21
1627678753.0,62.70,79.88,81.95
1627678783.0,62.80,79.88,81.96
1627678813.0,62.50,79.88,81.93
1627678843.0,62.60,79.70,81.71
1627678873.0,62.50,79.70,81.70
1627678903.0,62.50,79.70,81.70
1627678933.0,62.40,79.52,81.47
1627678963.0,62.10,79.52,81.45
1627678993.0,61.90,79.52,81.43
1627679023.0,61.60,79.34,81.19
1627679053.0,61.50,79.34,81.18
1627679083.0,61.40,79.34,81.17
1627679113.0,61.40,79.34,81.17
1627679143.0,61.30,79.34,81.16
1627679173.0,61.50,79.34,81.18
1627679203.0,61.60,79.34,81.19
1627679233.0,60.80,79.16,80.92
1627679263.0,60.40,79.16,80.89
1627679293.0,60.70,79.16,80.91
1627679323.0,61.20,79.16,80.95
1627679353.0,60.90,79.34,81.13
1627679382.0,60.90,79.34,81.13
1627679412.0,60.80,79.34,81.12
1627679442.0,60.50,79.34,81.09
1627679472.0,60.40,79.34,81.09
1627679502.0,60.40,79.52,81.29
1627679532.0,60.00,79.88,81.67
1627679562.0,59.60,80.24,82.05
1627679592.0,59.60,80.60,82.49
1627679622.0,59.10,80.96,82.88
1627679652.0,58.50,81.14,83.02
1627679682.0,58.40,81.32,83.24
1627679712.0,58.80,81.32,83.30
1627679742.0,59.20,81.32,83.36
1627679772.0,59.30,81.14,83.14
1627679802.0,59.50,80.96,82.94
1627679832.0,59.60,80.78,82.72
1627679862.0,59.80,80.42,82.30
1627679892.0,59.40,80.24,82.03
1627679922.0,59.50,80.06,81.83
1627679952.0,59.70,79.70,81.43
1627679982.0,59.70,79.52,81.23
1627680012.0,59.90,79.34,81.04
1627680042.0,60.00,79.16,80.85
1627680072.0,60.40,78.98,80.69
1627680102.0,60.80,78.80,80.52
1627680132.0,61.10,78.62,80.35
1627680162.0,61.10,78.44,78.86
1627680192.0,61.30,78.26,78.67
1627680222.0,61.60,78.08,78.48
1627680252.0,61.40,78.08,78.47
1627680282.0,61.40,77.90,78.28
1627680312.0,61.50,77.90,78.28
1627680341.0,61.50,77.72,78.08
1627680371.0,61.60,77.72,78.09
1627680401.0,62.10,77.54,77.91
1627680431.0,62.30,77.54,77.92
1627680461.0,62.00,77.54,77.91
1627680491.0,61.70,77.36,77.70
1627680521.0,62.00,77.36,77.71
1627680551.0,62.10,77.18,77.52
1627680581.0,61.60,77.18,77.49
1627680611.0,61.10,77.00,77.27
1627680641.0,61.10,77.00,77.27
1627680671.0,61.10,77.00,77.27
1627680701.0,61.20,77.00,77.28
1627680731.0,61.50,76.82,77.09
1627680761.0,61.60,76.82,77.10
1627680791.0,61.30,76.82,77.08
1627680821.0,61.30,76.64,76.89
1627680851.0,61.10,76.64,76.88
1627680881.0,61.10,76.64,76.88
1627680911.0,61.30,76.46,76.69
1627680941.0,61.40,76.46,76.69
1627680971.0,61.60,76.46,76.70
1627681001.0,61.80,76.28,76.51
1627681031.0,61.90,76.28,76.52
1627681061.0,61.80,76.28,76.51
1627681091.0,62.00,76.28,76.52
1627681121.0,62.10,76.28,76.53
1627681151.0,62.60,76.28,76.55
1627681181.0,62.70,76.28,76.55
1627681211.0,63.00,76.28,76.57
1627681241.0,62.50,76.28,76.55
1627681271.0,62.90,76.28,76.56
1627681301.0,63.10,76.28,76.57
1627681330.0,63.20,76.28,76.58
1627681360.0,63.50,76.28,76.59
1627681390.0,63.90,76.28,76.61
1627681420.0,63.70,76.28,76.60
1627681450.0,63.70,76.28,76.60
1627681480.0,63.60,76.28,76.60
1627681510.0,63.90,76.46,76.81
1627681540.0,64.20,76.46,76.82
1627681570.0,64.10,76.46,76.82
1627681600.0,64.00,76.46,76.81
1627681630.0,64.00,76.46,76.81
1627681660.0,64.40,76.46,76.83
1627681690.0,65.30,76.46,76.88
1627681720.0,65.00,76.28,76.66
1627681750.0,64.90,76.28,76.66
1627681780.0,64.40,76.28,76.63
1627681810.0,64.20,76.28,76.63
1627681840.0,63.90,76.28,76.61
1627681870.0,63.70,76.28,76.60
1627681900.0,63.70,76.10,76.40
1627681930.0,63.80,76.10,76.41
1627681960.0,63.00,76.10,76.37
1627681990.0,63.00,76.10,76.37
1627682020.0,62.70,76.10,76.36
1627682050.0,62.50,76.10,76.35
1627682080.0,61.90,76.10,76.32
1627682110.0,61.90,76.10,76.32
1627682140.0,62.10,76.10,76.33
1627682170.0,62.50,76.10,76.35
1627682200.0,62.50,76.10,76.35
1627682230.0,62.70,75.92,76.16
1627682260.0,63.20,75.92,76.18
1627682289.0,63.50,75.92,76.20
1627682319.0,63.40,75.92,76.19
1627682349.0,63.50,75.92,76.20
1627682379.0,63.60,75.92,76.20
1627682409.0,63.40,75.92,76.19
1627682439.0,63.50,75.92,76.20
1627682469.0,63.50,75.92,76.20
1627682499.0,63.70,75.74,76.01
1627682529.0,63.60,75.74,76.00
1627682559.0,63.30,75.92,76.19
1627682589.0,63.50,75.92,76.20
1627682619.0,63.40,75.74,75.99
1627682649.0,63.40,75.74,75.99
1627682679.0,63.20,75.74,75.98
1627682709.0,63.50,75.74,76.00
1627682739.0,63.70,75.74,76.01
1627682769.0,63.80,75.74,76.01
1627682799.0,64.30,75.74,76.04
1627682829.0,64.60,75.74,76.05
1627682859.0,64.10,75.56,75.83
1627682889.0,64.30,75.56,75.84
1627682919.0,64.60,75.56,75.85
1627682949.0,64.40,75.56,75.84
1627682979.0,65.20,75.56,75.88
1627683009.0,64.70,75.56,75.86
1627683039.0,64.90,75.56,75.87
1627683069.0,64.60,75.56,75.85
1627683099.0,64.40,75.38,75.64
1627683129.0,64.30,75.38,75.64
1627683159.0,64.40,75.38,75.64
1627683189.0,64.40,75.38,75.64
1627683219.0,64.30,75.38,75.64
1627683249.0,64.20,75.38,75.64
1627683278.0,64.00,75.38,75.63
1627683308.0,64.30,75.38,75.64
1627683338.0,64.20,75.38,75.64
1627683368.0,64.20,75.38,75.64
1627683398.0,64.10,75.20,75.43
1627683428.0,64.30,75.20,75.44
1627683458.0,64.20,75.20,75.44
1627683488.0,63.70,75.20,75.41
1627683518.0,64.00,75.20,75.43
1627683548.0,64.10,75.20,75.43
1627683578.0,64.00,75.20,75.43
1627683608.0,64.00,75.20,75.43
1627683638.0,63.90,75.20,75.42
1627683668.0,63.50,75.20,75.40
1627683698.0,63.40,75.20,75.40
1627683728.0,63.30,75.20,75.40
1627683758.0,63.20,75.20,75.39
1627683788.0,63.50,75.20,75.40
1627683818.0,63.60,75.20,75.41
1627683848.0,63.70,75.20,75.41
1627683878.0,63.60,75.20,75.41
1627683908.0,63.70,75.20,75.41
1627683938.0,64.20,75.20,75.44
1627683968.0,64.40,75.02,75.25
1627683998.0,64.70,75.02,75.26
1627684028.0,64.70,75.02,75.26
1627684058.0,64.50,75.02,75.25
1627684088.0,64.80,75.02,75.27
1627684118.0,64.80,75.02,75.27
1627684148.0,65.10,74.84,75.08
1627684178.0,65.10,74.84,75.08
1627684208.0,65.30,74.84,75.09
1627684237.0,65.00,74.84,75.08
1627684267.0,64.70,74.84,75.06
1627684297.0,64.50,74.84,75.06
1627684327.0,64.80,74.66,74.87
1627684357.0,64.70,74.66,74.87
1627684387.0,63.80,74.66,74.82
1627684417.0,63.90,74.66,74.83
1627684447.0,64.10,74.66,74.84
1627684477.0,65.00,74.66,74.88
1627684507.0,64.80,74.48,74.67
1627684537.0,64.90,74.48,74.68
1627684567.0,64.60,74.48,74.66
1627684597.0,64.70,74.30,74.47
1627684627.0,64.90,74.30,74.48
1627684657.0,64.20,74.12,74.25
1627684687.0,64.20,74.12,74.25
1627684717.0,64.00,74.12,74.24
1627684747.0,63.80,74.12,74.23
1627684777.0,64.00,74.12,74.24
1627684807.0,63.80,74.12,74.23
1627684837.0,63.90,74.12,74.24
1627684867.0,64.00,74.12,74.24
1627684897.0,62.60,73.94,73.98
1627684927.0,62.20,73.94,73.96
1627684957.0,62.50,73.94,73.97
1627684987.0,62.70,73.94,73.98
1627685017.0,62.90,73.94,73.99
1627685047.0,62.50,73.94,73.97
1627685077.0,62.80,73.94,73.99
1627685107.0,62.90,73.94,73.99
1627685137.0,63.00,73.76,73.80
1627685167.0,63.30,73.76,73.81
1627685196.0,63.10,73.76,73.80
1627685226.0,62.70,73.76,73.78
1627685256.0,63.00,73.76,73.80
1627685286.0,63.30,73.76,73.81
1627685316.0,62.30,73.76,73.76
1627685346.0,62.00,73.76,73.75
1627685376.0,61.70,73.58,73.54
1627685406.0,61.40,73.58,73.52
1627685436.0,61.70,73.58,73.54
1627685466.0,61.60,73.58,73.53
1627685496.0,61.40,73.58,73.52
1627685526.0,61.50,73.40,73.33
1627685556.0,61.80,73.40,73.34
1627685586.0,62.00,73.40,73.35
1627685616.0,61.90,73.40,73.35
1627685646.0,62.20,73.40,73.36
1627685676.0,62.00,73.40,73.35
1627685706.0,61.70,73.40,73.34
1627685736.0,62.00,73.22,73.16
1627685766.0,61.90,73.22,73.15
1627685796.0,62.30,73.22,73.17
1627685826.0,62.70,73.22,73.19
1627685856.0,62.50,73.22,73.18
1627685886.0,63.00,73.22,73.20
1627685916.0,62.70,73.04,72.99
1627685946.0,62.60,73.04,72.99
1627685976.0,63.10,73.04,73.01
1627686006.0,63.30,72.86,72.82
1627686036.0,63.00,72.86,72.81
1627686066.0,62.90,72.86,72.80
1627686096.0,62.70,72.86,72.79
1627686125.0,62.90,72.86,72.80
1627686155.0,62.90,72.86,72.80
1627686185.0,63.30,72.86,72.82
1627686215.0,63.30,72.86,72.82
1627686245.0,63.10,72.86,72.81
1627686275.0,62.60,72.86,72.79
1627686305.0,62.60,72.68,72.59
1627686335.0,62.90,72.68,72.60
1627686365.0,63.10,72.68,72.61
1627686395.0,63.10,72.68,72.61
1627686425.0,63.10,72.68,72.61
1627686455.0,63.10,72.50,72.42
1627686485.0,63.60,72.50,72.44
1627686515.0,63.70,72.50,72.44
1627686545.0,63.60,72.50,72.44
1627686575.0,63.70,72.50,72.44
1627686605.0,63.60,72.50,72.44
1627686635.0,63.70,72.50,72.44
1627686665.0,64.00,72.32,72.26
1627686695.0,63.40,72.32,72.23
1627686725.0,63.50,72.32,72.24
1627686755.0,63.50,72.32,72.24
1627686785.0,64.10,72.32,72.26
1627686815.0,64.20,72.32,72.27
1627686845.0,64.10,72.32,72.26
1627686875.0,64.50,72.14,72.09
1627686905.0,64.90,72.14,72.10
1627686935.0,64.80,72.14,72.10
1627686965.0,64.80,72.14,72.10
1627686995.0,64.40,72.14,72.08
1627687025.0,64.20,72.14,72.07
1627687054.0,64.70,72.14,72.09
1627687084.0,65.00,72.14,72.11
1627687114.0,65.10,72.14,72.11
1627687144.0,65.20,71.96,71.92
1627687174.0,65.40,72.14,72.13
1627687204.0,65.40,72.14,72.13
1627687234.0,64.60,71.96,71.89
1627687264.0,65.30,71.96,71.93
1627687294.0,65.30,71.96,71.93
1627687324.0,65.50,71.96,71.93
1627687354.0,65.60,71.96,71.94
1627687384.0,65.90,71.78,71.76
1627687414.0,66.00,71.78,71.76
1627687444.0,66.10,71.78,71.76
1627687474.0,65.80,71.78,71.75
1627687504.0,65.90,71.78,71.76
1627687534.0,65.30,71.78,71.73
1627687564.0,65.20,71.78,71.72
1627687594.0,65.40,71.78,71.73
1627687624.0,65.40,71.78,71.73
1627687654.0,65.20,71.78,71.72
1627687684.0,65.10,71.60,71.52
1627687714.0,65.30,71.60,71.53
1627687744.0,65.30,71.60,71.53
1627687774.0,65.40,71.60,71.53
1627687804.0,65.40,71.60,71.53
1627687834.0,65.40,71.60,71.53
1627687864.0,65.70,71.60,71.55
1627687894.0,65.80,71.60,71.55
1627687924.0,65.70,71.60,71.55
1627687954.0,65.60,71.42,71.35
1627687984.0,65.50,71.42,71.34
1627688013.0,65.80,71.42,71.35
1627688043.0,65.90,71.42,71.36
1627688073.0,65.90,71.42,71.36
1627688103.0,65.50,71.42,71.34
1627688133.0,65.70,71.42,71.35
1627688163.0,65.70,71.42,71.35
1627688193.0,65.90,71.42,71.36
1627688223.0,65.60,71.24,71.15
1627688253.0,65.80,71.24,71.16
1627688283.0,65.60,71.24,71.15
1627688313.0,66.20,71.24,71.18
1627688343.0,65.90,71.06,70.96
1627688373.0,66.20,71.06,70.98
1627688403.0,65.90,71.06,70.96
1627688433.0,65.60,71.06,70.95
1627688463.0,65.20,71.06,70.93
1627688493.0,65.60,71.06,70.95
1627688523.0,65.70,71.06,70.95
1627688553.0,65.60,71.06,70.95
1627688583.0,66.00,71.06,70.97
1627688613.0,66.40,70.88,70.79
1627688643.0,65.90,70.88,70.77
1627688673.0,66.10,70.88,70.77
1627688703.0,66.00,70.88,70.77
1627688733.0,65.90,70.88,70.77
1627688763.0,65.70,70.88,70.76
1627688793.0,65.90,70.88,70.77
1627688823.0,66.10,70.88,70.77
1627688853.0,66.20,70.88,70.78
1627688883.0,66.60,70.88,70.80
1627688913.0,67.00,70.88,70.82
1627688943.0,66.90,70.70,70.61
1627688972.0,66.90,70.70,70.61
1627689002.0,66.90,70.70,70.61
1627689032.0,66.90,70.70,70.61
1627689062.0,66.60,70.70,70.60
1627689092.0,67.10,70.70,70.62
1627689122.0,66.30,70.70,70.59
1627689152.0,66.10,70.70,70.58
1627689182.0,66.20,70.52,70.38
1627689212.0,66.30,70.52,70.39
1627689242.0,66.20,70.52,70.38
1627689272.0,66.50,70.52,70.40
1627689302.0,66.40,70.52,70.39
1627689332.0,66.20,70.52,70.38
1627689362.0,66.10,70.52,70.38
1627689392.0,65.90,70.52,70.37
1627689422.0,65.70,70.52,70.36
1627689452.0,65.70,70.34,70.16
1627689482.0,65.70,70.52,70.36
1627689512.0,66.00,70.34,70.18
1627689542.0,66.10,70.34,70.18
1627689572.0,66.10,70.34,70.18
1627689602.0,65.90,70.34,70.17
1627689632.0,65.90,70.34,70.17
1627689662.0,66.00,70.34,70.18
1627689692.0,66.20,70.34,70.19
1627689722.0,66.40,70.16,70.00
1627689752.0,66.80,70.16,70.02
1627689782.0,67.00,70.16,70.03
1627689812.0,67.40,70.16,70.04
1627689842.0,68.10,69.98,69.88
1627689872.0,67.90,69.98,69.87
1627689902.0,67.70,69.98,69.86
1627689931.0,68.00,69.98,69.87
1627689961.0,68.20,69.98,69.88
1627689991.0,67.90,69.98,69.87
1627690021.0,68.40,69.80,69.69
1627690051.0,68.60,69.62,69.51
1627690081.0,69.00,69.62,69.52
1627690111.0,69.00,69.62,69.52
1627690141.0,68.60,69.62,69.51
1627690171.0,68.30,69.62,69.49
1627690201.0,68.00,69.62,69.48
1627690231.0,67.90,69.62,69.47
1627690261.0,67.60,69.62,69.46
1627690291.0,67.70,69.62,69.46
1627690321.0,67.70,69.62,69.46
1627690351.0,67.90,69.62,69.47
1627690381.0,68.20,69.62,69.49
1627690411.0,68.30,69.62,69.49
1627690441.0,68.70,69.44,69.31
1627690471.0,68.70,69.44,69.31
1627690501.0,68.80,69.44,69.32
1627690531.0,68.90,69.44,69.32
1627690561.0,68.50,69.44,69.30
1627690591.0,68.30,69.26,69.10
1627690621.0,68.50,69.26,69.11
1627690651.0,68.70,69.26,69.11
1627690681.0,68.70,69.26,69.11
1627690711.0,68.70,69.08,68.92
1627690741.0,68.50,69.08,68.91
1627690771.0,68.60,69.08,68.91
1627690801.0,68.80,69.08,68.92
1627690831.0,69.00,69.08,68.93
1627690860.0,69.30,69.08,68.95
1627690890.0,69.60,69.08,68.96
1627690920.0,69.10,69.08,68.94
1627690950.0,68.70,69.08,68.92
1627690980.0,68.70,69.08,68.92
1627691010.0,68.70,68.90,68.72
1627691040.0,68.70,68.90,68.72
1627691070.0,68.60,68.90,68.71
1627691100.0,68.60,68.90,68.71
1627691130.0,68.60,68.90,68.71
1627691160.0,68.50,68.90,68.71
1627691190.0,68.60,68.90,68.71
1627691220.0,68.60,68.90,68.71
1627691250.0,68.70,68.72,68.52
1627691280.0,68.60,68.72,68.52
1627691310.0,68.70,68.72,68.52
1627691340.0,69.10,68.72,68.54
1627691370.0,69.20,68.72,68.54
1627691400.0,69.30,68.54,68.35
1627691430.0,69.20,68.54,68.35
1627691460.0,69.40,68.54,68.36
1627691490.0,69.40,68.54,68.36
1627691520.0,69.30,68.54,68.35
1627691550.0,69.70,68.54,68.37
1627691580.0,69.80,68.54,68.37
1627691610.0,70.20,68.54,68.39
1627691640.0,70.20,68.36,68.20
1627691670.0,70.70,68.36,68.22
1627691700.0,70.60,68.36,68.21
1627691730.0,71.00,68.36,68.23
1627691760.0,71.10,68.18,68.04
1627691789.0,71.10,68.18,68.04
1627691819.0,70.80,68.18,68.03
1627691849.0,70.80,68.18,68.03
1627691879.0,71.00,68.18,68.03
1627691909.0,71.00,68.18,68.03
1627691939.0,71.20,68.18,68.04
1627691969.0,71.40,68.00,67.86
1627691999.0,71.10,68.00,67.84
1627692029.0,70.90,68.00,67.83
1627692059.0,70.70,68.00,67.82
1627692089.0,70.90,68.00,67.83
1627692119.0,71.10,68.00,67.84
1627692149.0,71.10,68.00,67.84
1627692179.0,70.30,68.00,67.80
1627692209.0,70.00,67.82,67.59
1627692239.0,70.30,67.82,67.61
1627692269.0,70.30,68.00,67.80
1627692299.0,70.50,67.82,67.62
1627692329.0,70.40,67.82,67.61
1627692359.0,70.20,68.00,67.80
1627692389.0,70.20,68.00,67.80
1627692419.0,70.20,67.82,67.60
1627692449.0,70.30,67.82,67.61
1627692479.0,70.30,67.82,67.61
1627692509.0,70.30,67.82,67.61
1627692539.0,70.30,67.82,67.61
1627692569.0,69.90,67.82,67.59
1627692599.0,70.00,67.82,67.59
1627692629.0,69.90,67.82,67.59
1627692659.0,70.00,67.82,67.59
1627692689.0,70.40,67.82,67.61
1627692719.0,70.40,67.82,67.61
1627692748.0,70.20,67.82,67.60
1627692778.0,70.40,67.82,67.61
1627692808.0,70.20,67.82,67.60
1627692838.0,70.30,67.82,67.61
1627692868.0,70.20,67.82,67.60
1627692898.0,70.20,67.82,67.60
1627692928.0,70.30,67.82,67.61
1627692958.0,70.20,67.82,67.60
1627692988.0,69.70,67.82,67.58
1627693018.0,70.00,67.82,67.59
1627693048.0,70.00,67.82,67.59
1627693078.0,70.10,67.82,67.60
1627693108.0,69.90,67.82,67.59
1627693138.0,69.50,67.64,67.37
1627693168.0,69.40,67.64,67.37
1627693198.0,69.20,67.64,67.36
1627693228.0,69.50,67.64,67.37
1627693258.0,69.70,67.64,67.38
1627693288.0,70.00,67.64,67.39
1627693318.0,70.30,67.64,67.41
1627693348.0,70.20,67.64,67.40
1627693378.0,69.90,67.64,67.39
1627693408.0,69.90,67.64,67.39
1627693438.0,69.60,67.64,67.38
1627693468.0,69.60,67.64,67.38
1627693498.0,70.30,67.64,67.41
1627693528.0,70.30,67.64,67.41
1627693558.0,70.20,67.64,67.40
1627693588.0,70.30,67.64,67.41
1627693618.0,70.50,67.46,67.22
1627693647.0,70.40,67.46,67.21
1627693677.0,70.60,67.46,67.22
1627693707.0,71.10,67.46,67.25
1627693737.0,71.10,67.46,67.25
1627693767.0,70.90,67.46,67.24
1627693797.0,71.10,67.46,67.25
1627693827.0,71.20,67.46,67.25
1627693857.0,71.10,67.46,67.25
1627693887.0,71.10,67.46,67.25
1627693917.0,71.20,67.46,67.25
1627693947.0,71.20,67.46,67.25
1627693977.0,71.10,67.28,67.05
1627694007.0,71.30,67.46,67.26
1627694037.0,71.30,67.28,67.06
1627694067.0,71.10,67.28,67.05
1627694097.0,71.30,67.28,67.06
1627694127.0,71.30,67.46,67.26
1627694157.0,70.90,67.46,67.24
1627694187.0,70.50,67.46,67.22
1627694217.0,70.30,67.46,67.21
1627694247.0,70.00,67.46,67.20
1627694277.0,70.40,67.46,67.21
1627694307.0,70.50,67.46,67.22
1627694337.0,70.30,67.46,67.21
1627694367.0,70.20,67.46,67.21
1627694397.0,70.20,67.46,67.21
1627694427.0,70.40,67.46,67.21
1627694457.0,70.40,67.46,67.21
1627694487.0,70.30,67.46,67.21
1627694517.0,70.30,67.46,67.21
1627694547.0,70.20,67.46,67.21
1627694576.0,70.30,67.46,67.21
1627694606.0,69.70,67.46,67.18
1627694636.0,70.30,67.46,67.21
1627694666.0,70.30,67.46,67.21
1627694696.0,70.30,67.46,67.21
1627694726.0,70.30,67.46,67.21
1627694756.0,70.20,67.46,67.21
1627694786.0,69.90,67.46,67.19
1627694816.0,70.10,67.28,67.00
1627694846.0,70.30,67.28,67.01
1627694876.0,69.90,67.28,66.99
1627694906.0,69.90,67.28,66.99
1627694936.0,69.60,67.28,66.98
1627694966.0,69.20,67.28,66.96
1627694996.0,69.00,67.28,66.95
1627695026.0,69.40,67.28,66.97
1627695056.0,69.80,67.28,66.99
1627695086.0,69.40,67.28,66.97
1627695116.0,69.20,67.28,66.96
1627695146.0,68.90,67.10,66.75
1627695176.0,69.00,67.10,66.75
1627695206.0,69.40,67.10,66.77
1627695236.0,69.30,67.10,66.77
1627695266.0,69.30,67.10,66.77
1627695296.0,69.40,67.10,66.77
1627695326.0,69.00,67.10,66.75
1627695356.0,69.50,67.10,66.78
1627695386.0,69.60,67.10,66.78
1627695416.0,69.60,67.10,66.78
1627695446.0,69.40,67.10,66.77
1627695476.0,69.40,67.10,66.77
1627695505.0,69.50,67.10,66.78
1627695535.0,69.60,67.10,66.78
1627695565.0,69.70,67.10,66.79
1627695595.0,69.50,67.10,66.78
1627695625.0,69.40,67.10,66.77
1627695655.0,68.50,67.10,66.73
1627695685.0,68.10,67.10,66.71
1627695715.0,68.10,67.10,66.71
1627695745.0,68.30,67.10,66.72
1627695775.0,68.70,67.10,66.74
1627695805.0,68.40,67.10,66.72
1627695835.0,68.20,66.92,66.52
1627695865.0,68.80,66.92,66.55
1627695895.0,68.80,66.92,66.55
1627695925.0,68.80,66.92,66.55
1627695955.0,68.90,66.92,66.55
1627695985.0,68.90,66.92,66.55
1627696015.0,69.20,66.92,66.56
1627696045.0,69.40,66.92,66.57
1627696075.0,69.50,66.92,66.58
1627696105.0,69.40,66.74,66.38
1627696135.0,69.40,66.74,66.38
1627696165.0,69.40,66.74,66.38
1627696195.0,69.10,66.74,66.36
1627696225.0,69.20,66.74,66.37
1627696255.0,69.20,66.56,66.17
1627696285.0,69.40,66.74,66.38
1627696315.0,69.50,66.56,66.18
1627696345.0,69.50,66.56,66.18
1627696375.0,69.60,66.74,66.39
1627696405.0,69.70,66.74,66.39
1627696434.0,69.60,66.56,66.19
1627696464.0,69.30,66.56,66.17
1627696494.0,69.70,66.56,66.19
1627696524.0,69.80,66.56,66.20
1627696554.0,69.80,66.56,66.20
1627696584.0,69.80,66.56,66.20
1627696614.0,69.90,66.56,66.20
1627696644.0,69.40,66.56,66.18
1627696674.0,68.80,66.56,66.15
1627696704.0,69.00,66.38,65.96
1627696734.0,69.50,66.38,65.98
1627696764.0,69.60,66.38,65.99
1627696794.0,69.10,66.38,65.97
1627696824.0,69.00,66.38,65.96
1627696854.0,68.90,66.38,65.96
1627696884.0,69.30,66.38,65.98
1627696914.0,69.30,66.38,65.98
1627696944.0,69.60,66.38,65.99
1627696974.0,69.80,66.38,66.00
1627697004.0,69.80,66.38,66.00
1627697034.0,69.60,66.38,65.99
1627697064.0,68.90,66.38,65.96
1627697094.0,69.20,66.38,65.97
1627697124.0,69.20,66.38,65.97
1627697154.0,68.90,66.38,65.96
1627697184.0,69.20,66.20,65.77
1627697214.0,69.10,66.38,65.97
1627697244.0,68.90,66.38,65.96
1627697274.0,68.50,66.20,65.74
1627697304.0,68.40,66.20,65.73
1627697334.0,68.70,66.02,65.55
1627697363.0,68.40,66.02,65.54
1627697393.0,68.50,66.02,65.54
1627697423.0,68.70,66.02,65.55
1627697453.0,68.90,66.02,65.56
1627697483.0,69.10,65.84,65.37
1627697513.0,69.20,65.84,65.38
1627697543.0,69.20,65.84,65.38
1627697573.0,69.20,65.84,65.38
1627697603.0,69.30,65.84,65.38
1627697633.0,69.40,65.84,65.39
1627697663.0,69.50,65.84,65.39
1627697693.0,69.50,65.84,65.39
1627697723.0,69.70,65.84,65.40
1627697753.0,69.50,65.84,65.39
1627697783.0,70.00,65.84,65.41
1627697813.0,70.20,65.84,65.42
1627697843.0,70.10,65.84,65.42
1627697873.0,70.10,65.84,65.42
1627697903.0,70.10,65.84,65.42
1627697933.0,70.00,65.84,65.41
1627697963.0,69.80,65.84,65.40
1627697993.0,69.80,65.84,65.40
1627698023.0,69.80,65.84,65.40
1627698053.0,69.50,65.66,65.19
1627698083.0,69.80,65.66,65.21
1627698113.0,69.80,65.66,65.21
1627698143.0,69.80,65.66,65.21
1627698173.0,69.90,65.66,65.21
1627698203.0,69.80,65.66,65.21
1627698233.0,69.60,65.66,65.20
1627698262.0,69.90,65.66,65.21
1627698292.0,69.60,65.66,65.20
1627698322.0,69.70,65.66,65.20
1627698352.0,69.70,65.66,65.20
1627698382.0,69.70,65.66,65.20
1627698412.0,69.40,65.66,65.19
1627698442.0,69.30,65.66,65.18
1627698472.0,69.20,65.66,65.18
1627698502.0,69.00,65.66,65.17
1627698532.0,69.20,65.48,64.98
1627698562.0,68.90,65.48,64.97
1627698592.0,68.90,65.48,64.97
1627698622.0,68.50,65.48,64.95
1627698652.0,68.80,65.48,64.96
1627698682.0,68.80,65.30,64.76
1627698712.0,69.10,65.30,64.78
1627698742.0,69.20,65.48,64.98
1627698772.0,69.40,65.48,64.99
1627698802.0,69.40,65.48,64.99
1627698832.0,69.30,65.30,64.79
1627698862.0,68.70,65.30,64.76
1627698892.0,68.90,65.30,64.77
1627698922.0,69.40,65.30,64.79
1627698952.0,69.50,65.30,64.80
1627698982.0,69.70,65.30,64.81
1627699012.0,69.70,65.30,64.81
1627699042.0,69.40,65.30,64.79
1627699072.0,69.50,65.30,64.80
1627699102.0,69.70,65.30,64.81
1627699132.0,69.60,65.30,64.80
1627699162.0,69.60,65.30,64.80
1627699191.0,69.60,65.30,64.80
1627699221.0,70.00,65.30,64.82
1627699251.0,69.60,65.30,64.80
1627699281.0,69.40,65.30,64.79
1627699311.0,69.40,65.30,64.79
1627699341.0,69.00,65.30,64.77
1627699371.0,69.00,65.30,64.77
1627699401.0,68.30,65.30,64.74
1627699431.0,67.30,65.30,64.69
1627699461.0,68.20,65.12,64.54
1627699491.0,68.20,65.12,64.54
1627699521.0,67.70,65.12,64.51
1627699551.0,68.00,65.12,64.53
1627699581.0,68.10,65.12,64.53
1627699611.0,67.90,65.12,64.52
1627699641.0,68.70,65.12,64.56
1627699671.0,68.60,65.12,64.56
1627699701.0,68.60,65.12,64.56
1627699731.0,68.40,65.12,64.55
1627699761.0,68.50,65.12,64.55
1627699791.0,68.40,65.12,64.55
1627699821.0,68.60,65.12,64.56
1627699851.0,68.60,64.94,64.36
1627699881.0,68.60,64.94,64.36
1627699911.0,68.40,64.94,64.35
1627699941.0,69.20,64.94,64.39
1627699971.0,69.10,64.94,64.38
1627700001.0,68.90,64.94,64.37
1627700031.0,68.40,64.94,64.35
1627700061.0,68.70,64.76,64.16
1627700091.0,68.80,64.76,64.17
1627700120.0,68.70,64.76,64.16
1627700150.0,68.80,64.76,64.17
1627700180.0,68.70,64.76,64.16
1627700210.0,68.80,64.76,64.17
1627700240.0,68.60,64.76,64.16
1627700270.0,69.60,64.76,64.21
1627700300.0,69.50,64.76,64.20
1627700330.0,69.40,64.76,64.20
1627700360.0,69.20,64.76,64.19
1627700390.0,69.30,64.76,64.19
1627700420.0,69.00,64.76,64.18
1627700450.0,69.20,64.76,64.19
1627700480.0,68.70,64.76,64.16
1627700510.0,68.90,64.76,64.17
1627700540.0,69.10,64.58,63.99
1627700570.0,69.20,64.76,64.19
1627700600.0,69.10,64.76,64.18
1627700630.0,69.10,64.76,64.18
1627700660.0,69.20,64.76,64.19
1627700690.0,69.20,64.76,64.19
1627700720.0,69.10,64.76,64.18
1627700750.0,68.60,64.76,64.16
1627700780.0,68.70,64.76,64.16
1627700810.0,68.40,64.76,64.15
1627700840.0,67.70,64.76,64.12
1627700870.0,67.70,64.76,64.12
1627700900.0,67.70,64.58,63.92
1627700930.0,67.70,64.58,63.92
1627700960.0,68.20,64.40,63.75
1627700990.0,68.30,64.40,63.75
1627701020.0,67.90,64.40,63.73
1627701049.0,68.50,64.40,63.76
1627701079.0,68.50,64.40,63.76
1627701109.0,68.50,64.40,63.76
1627701139.0,68.50,64.40,63.76
1627701169.0,68.00,64.22,63.54
1627701199.0,68.60,64.22,63.57
1627701229.0,68.60,64.22,63.57
1627701259.0,68.30,64.22,63.55
1627701289.0,68.30,64.22,63.55
1627701319.0,68.50,64.22,63.56
1627701349.0,68.50,64.22,63.56
1627701379.0,68.50,64.22,63.56
1627701409.0,68.80,64.22,63.58
1627701439.0,68.70,64.22,63.57
1627701469.0,68.60,64.22,63.57
1627701499.0,68.40,64.22,63.56
1627701529.0,68.30,64.22,63.55
1627701559.0,68.50,64.22,63.56
1627701589.0,68.50,64.22,63.56
1627701619.0,68.50,64.22,63.56
1627701649.0,68.90,64.22,63.58
1627701679.0,68.40,64.04,63.36
1627701709.0,68.30,64.22,63.55
1627701739.0,68.70,64.04,63.37
1627701769.0,68.70,64.22,63.57
1627701799.0,68.90,64.22,63.58
1627701829.0,68.40,64.22,63.56
1627701859.0,68.00,64.22,63.54
1627701889.0,67.60,64.22,63.52
1627701919.0,68.00,64.22,63.54
1627701949.0,67.90,64.22,63.53
1627701978.0,67.70,64.22,63.52
1627702008.0,67.70,64.22,63.52
1627702038.0,67.30,64.22,63.51
1627702068.0,67.60,64.04,63.32
1627702098.0,67.70,64.04,63.33
1627702128.0,68.10,64.04,63.34
1627702158.0,68.60,64.04,63.37
1627702188.0,68.50,64.04,63.36
1627702218.0,68.40,64.04,63.36
1627702248.0,68.50,63.86,63.17
1627702278.0,68.50,63.86,63.17
1627702308.0,68.20,63.86,63.15
1627702338.0,68.30,63.86,63.16
1627702368.0,68.40,63.86,63.16
1627702398.0,68.10,63.86,63.15
1627702428.0,68.70,63.68,62.98
1627702458.0,69.00,63.68,62.99
1627702488.0,69.20,63.86,63.20
1627702518.0,69.10,63.86,63.19
1627702548.0,68.80,63.86,63.18
1627702578.0,68.70,63.86,63.17
1627702608.0,68.70,63.86,63.17
1627702638.0,68.90,63.86,63.18
1627702668.0,68.90,63.68,62.99
1627702698.0,68.90,63.68,62.99
1627702728.0,69.00,63.68,62.99
1627702758.0,69.10,63.50,62.80
1627702788.0,69.50,63.50,62.82
1627702818.0,70.20,63.50,62.85
1627702848.0,69.20,63.50,62.80
1627702877.0,69.00,63.50,62.79
1627702907.0,68.90,63.50,62.79
1627702937.0,68.80,63.50,62.78
1627702967.0,69.10,63.50,62.80
1627702997.0,69.20,63.50,62.80
1627703027.0,69.20,63.50,62.80
1627703057.0,69.40,63.50,62.81
1627703087.0,68.70,63.50,62.78
1627703117.0,69.00,63.50,62.79
1627703147.0,69.00,63.32,62.60
1627703177.0,69.10,63.32,62.60
1627703207.0,69.30,63.32,62.61
1627703237.0,69.20,63.32,62.60
1627703267.0,69.30,63.32,62.61
1627703297.0,69.50,63.32,62.62
1627703327.0,69.60,63.32,62.62
1627703357.0,69.50,63.32,62.62
1627703387.0,69.60,63.32,62.62
1627703417.0,70.00,63.32,62.64
1627703447.0,70.00,63.32,62.64
1627703477.0,70.10,63.32,62.65
1627703507.0,70.20,63.32,62.65
1627703537.0,70.20,63.32,62.65
1627703567.0,69.90,63.32,62.64
1627703597.0,69.90,63.14,62.44
1627703627.0,70.00,63.14,62.44
1627703657.0,70.20,63.14,62.45
1627703687.0,70.30,63.14,62.46
1627703717.0,70.50,63.14,62.47
1627703747.0,70.70,63.14,62.48
1627703836.0,71.00,63.14,62.49
1627703866.0,71.20,63.14,62.50
1627703896.0,70.80,63.14,62.48
1627703926.0,70.30,63.14,62.46
1627703956.0,70.20,63.14,62.45
1627703986.0,70.60,63.14,62.47
