1631145579,83.40,74.48,75.55
1631145639,83.40,74.48,75.55
1631145699,83.40,74.48,75.55
1631145759,83.40,74.48,75.55
1631145819,83.40,74.48,75.55
1631145879,83.40,74.48,75.55
1631145939,83.40,74.48,75.55
1631145999,83.40,74.48,75.55
1631146059,83.40,74.48,75.55
1631146119,83.30,74.48,75.54
1631146179,83.60,74.48,75.56
1631146239,83.50,74.48,75.55
1631146299,83.60,74.48,75.56
1631146359,83.50,74.48,75.55
1631146419,83.50,74.48,75.55
1631146479,83.80,74.48,75.57
1631146539,83.70,74.48,75.56
1631146599,83.80,74.48,75.57
1631146659,83.70,74.48,75.56
1631146719,83.70,74.48,75.56
1631146779,83.70,74.48,75.56
1631146839,83.70,74.48,75.56
1631146899,83.90,74.48,75.57
1631146959,83.80,74.48,75.57
1631147019,83.90,74.48,75.57
1631147079,83.80,74.48,75.57
1631147139,83.90,74.48,75.57
1631147199,83.80,74.48,75.57
1631147259,83.90,74.48,75.57
1631147320,84.00,74.48,75.58
1631147380,84.00,74.48,75.58
1631147440,84.10,74.48,75.58
1631147500,83.90,74.48,75.57
1631147560,84.00,74.48,75.58
1631147620,84.20,74.66,75.78
1631147680,84.30,74.48,75.59
1631147740,84.10,74.48,75.58
1631147800,84.20,74.48,75.59
1631147860,84.10,74.48,75.58
1631147920,84.20,74.66,75.78
1631147980,84.20,74.66,75.78
1631148040,84.30,74.66,75.79
1631148100,84.20,74.48,75.59
1631148160,84.40,74.66,75.79
1631148220,84.20,74.66,75.78
1631148280,84.40,74.48,75.59
1631148340,84.30,74.66,75.79
1631148400,84.10,74.66,75.78
1631148460,84.20,74.66,75.78
1631148520,84.30,74.48,75.59
1631148580,84.50,74.48,75.60
1631148640,84.50,74.48,75.60
1631148700,84.40,74.48,75.59
1631148760,84.50,74.48,75.60
1631148820,84.60,74.48,75.60
1631148880,84.60,74.48,75.60
1631148940,84.50,74.48,75.60
1631149001,84.60,74.48,75.60
1631149061,84.60,74.48,75.60
1631149121,84.50,74.48,75.60
1631149181,84.50,74.48,75.60
1631149241,84.50,74.48,75.60
1631149301,84.80,74.48,75.61
1631149361,84.60,74.48,75.60
1631149421,84.60,74.48,75.60
1631149481,84.60,74.48,75.60
1631149541,84.60,74.48,75.60
1631149601,84.60,74.48,75.60
1631149661,84.70,74.48,75.61
1631149721,84.50,74.48,75.60
1631149781,85.00,74.48,75.62
1631149841,84.70,74.30,75.41
1631149901,84.80,74.30,75.42
1631149961,85.00,74.30,75.43
1631150021,85.10,74.30,75.43
1631150081,85.00,74.30,75.43
1631150141,85.10,74.30,75.43
1631150201,84.90,74.30,75.42
1631150261,84.90,74.30,75.42
1631150321,84.90,74.30,75.42
1631150381,85.10,74.30,75.43
1631150441,85.10,74.30,75.43
1631150501,85.10,74.30,75.43
1631150561,85.00,74.30,75.43
1631150621,85.00,74.30,75.43
1631150681,84.90,74.30,75.42
1631150742,85.10,74.30,75.43
1631150802,85.10,74.30,75.43
1631150862,85.20,74.30,75.43
1631150922,85.20,74.30,75.43
1631150982,85.20,74.30,75.43
1631151042,85.30,74.30,75.44
1631151102,85.30,74.30,75.44
1631151162,85.50,74.30,75.45
1631151222,85.30,74.30,75.44
1631151282,85.50,74.30,75.45
1631151342,85.40,74.30,75.44
1631151402,85.30,74.30,75.44
1631151462,85.30,74.12,75.24
1631151522,85.30,74.12,75.24
1631151582,85.40,74.12,75.25
1631151642,85.30,74.12,75.24
1631151702,85.50,74.12,75.25
1631151762,85.40,74.12,75.25
1631151822,85.40,74.12,75.25
1631151882,85.60,74.12,75.26
1631151942,85.50,74.12,75.25
1631152002,85.70,74.12,75.26
1631152062,85.40,74.12,75.25
1631152122,85.60,74.12,75.26
1631152182,85.70,74.12,75.26
1631152242,85.80,74.12,75.26
1631152302,85.60,74.12,75.26
1631152362,85.70,74.12,75.26
1631152422,85.70,74.12,75.26
1631152483,85.70,74.12,75.26
1631152543,85.70,74.12,75.26
1631152603,85.80,74.12,75.26
1631152663,85.80,73.94,75.07
1631152723,85.80,73.94,75.07
1631152783,85.80,73.94,75.07
1631152843,85.80,73.94,75.07
1631152903,85.70,73.94,75.06
1631152963,85.90,73.94,75.07
1631153023,85.90,73.94,75.07
1631153083,86.00,73.94,75.08
1631153143,86.00,73.94,75.08
1631153203,86.00,73.94,75.08
1631153263,86.10,73.94,75.08
1631153323,86.00,73.94,75.08
1631153383,86.10,73.94,75.08
1631153443,86.00,73.94,75.08
1631153503,86.30,73.94,75.09
1631153563,86.20,73.94,75.09
1631153623,86.40,73.94,75.09
1631153683,86.40,73.94,75.09
1631153743,86.30,73.94,75.09
1631153803,86.30,73.94,75.09
1631153863,86.20,73.94,75.09
1631153923,86.30,73.76,74.89
1631153983,86.30,73.94,75.09
1631154043,86.30,73.76,74.89
1631154103,86.50,73.76,74.90
1631154164,86.50,73.76,74.90
1631154224,86.60,73.76,74.91
1631154284,86.50,73.76,74.90
1631154344,86.70,73.76,74.91
1631154404,86.60,73.76,74.91
1631154464,86.60,73.76,74.91
1631154524,86.50,73.76,74.90
1631154584,86.50,73.76,74.90
1631154644,86.50,73.76,74.90
1631154704,86.40,73.76,74.90
1631154764,86.60,73.76,74.91
1631154824,86.60,73.76,74.91
1631154884,86.60,73.76,74.91
1631154944,86.50,73.76,74.90
1631155004,86.40,73.76,74.90
1631155064,86.60,73.76,74.91
1631155124,86.70,73.76,74.91
1631155184,86.60,73.76,74.91
1631155244,86.60,73.76,74.91
1631155304,86.60,73.76,74.91
1631155364,86.70,73.76,74.91
1631155424,86.90,73.76,74.92
1631155484,87.00,73.58,74.73
1631155544,87.10,73.76,74.93
1631155604,87.00,73.58,74.73
1631155664,87.00,73.58,74.73
1631155724,87.00,73.58,74.73
1631155784,86.90,73.58,74.72
1631155844,87.00,73.58,74.73
1631155905,87.00,73.58,74.73
1631155965,87.00,73.58,74.73
1631156025,86.90,73.58,74.72
1631156085,87.10,73.58,74.73
1631156145,87.10,73.58,74.73
1631156205,87.00,73.58,74.73
1631156265,87.10,73.58,74.73
1631156325,87.40,73.58,74.75
1631156385,87.20,73.58,74.74
1631156445,87.30,73.58,74.74
1631156505,87.20,73.58,74.74
1631156565,87.20,73.58,74.74
1631156625,87.10,73.58,74.73
1631156685,87.10,73.58,74.73
1631156745,87.30,73.58,74.74
1631156805,87.40,73.58,74.75
1631156865,87.30,73.58,74.74
1631156925,87.40,73.58,74.75
1631156985,87.20,73.58,74.74
1631157045,87.30,73.58,74.74
1631157105,87.40,73.58,74.75
1631157165,87.50,73.58,74.75
1631157225,87.40,73.58,74.75
1631157285,87.50,73.58,74.75
1631157345,87.60,73.58,74.76
1631157405,87.50,73.58,74.75
1631157465,87.40,73.40,74.55
1631157525,87.70,73.40,74.56
1631157586,87.60,73.40,74.56
1631157646,87.50,73.40,74.55
1631157706,87.70,73.40,74.56
1631157766,87.60,73.40,74.56
1631157826,87.70,73.40,74.56
1631157886,87.70,73.40,74.56
1631157946,87.70,73.40,74.56
1631158006,87.80,73.40,74.57
1631158066,87.80,73.40,74.57
1631158126,87.90,73.40,74.57
1631158186,88.00,73.40,74.58
1631158246,87.80,73.40,74.57
1631158306,87.80,73.40,74.57
1631158366,87.80,73.40,74.57
1631158426,87.70,73.40,74.56
1631158486,87.80,73.40,74.57
1631158546,87.80,73.40,74.57
1631158606,87.90,73.40,74.57
1631158666,87.70,73.40,74.56
1631158726,87.80,73.22,74.37
1631158786,87.70,73.22,74.36
1631158846,87.70,73.22,74.36
1631158906,87.80,73.22,74.37
1631158966,87.80,73.22,74.37
1631159026,88.00,73.22,74.38
1631159086,87.90,73.22,74.37
1631159146,88.10,73.22,74.38
1631159206,88.10,73.22,74.38
1631159266,87.80,73.22,74.37
1631159327,88.00,73.22,74.38
1631159387,88.00,73.22,74.38
1631159447,88.00,73.22,74.38
1631159507,87.90,73.22,74.37
1631159567,88.00,73.22,74.38
1631159627,88.00,73.22,74.38
1631159687,88.00,73.22,74.38
1631159747,87.90,73.22,74.37
1631159807,88.00,73.22,74.38
1631159867,88.10,73.22,74.38
1631159927,88.10,73.22,74.38
1631159987,88.10,73.22,74.38
1631160047,88.20,73.22,74.39
1631160107,88.20,73.22,74.39
1631160167,88.00,73.22,74.38
1631160227,88.10,73.22,74.38
1631160287,88.20,73.22,74.39
1631160347,88.30,73.22,74.39
1631160407,88.20,73.22,74.39
1631160467,88.40,73.22,74.40
1631160527,88.20,73.22,74.39
1631160587,88.20,73.22,74.39
1631160647,88.10,73.22,74.38
1631160707,88.00,73.04,74.18
1631160767,88.00,73.22,74.38
1631160827,88.30,73.22,74.39
1631160887,88.20,73.22,74.39
1631160947,88.20,73.22,74.39
1631161007,88.20,73.04,74.19
1631161068,88.20,73.04,74.19
1631161128,88.20,73.04,74.19
1631161188,88.20,73.22,74.39
1631161248,88.20,73.04,74.19
1631161308,88.20,73.04,74.19
1631161368,88.40,73.04,74.20
1631161428,88.40,73.04,74.20
1631161488,88.30,73.22,74.39
1631161548,88.50,73.04,74.20
1631161608,88.50,73.22,74.40
1631161668,88.60,73.22,74.41
1631161728,88.50,73.22,74.40
1631161788,88.70,73.04,74.21
1631161848,88.70,73.22,74.41
1631161908,88.60,73.22,74.41
1631161968,88.60,73.22,74.41
1631162028,88.60,73.04,74.21
1631162088,88.50,73.04,74.20
1631162148,88.50,73.04,74.20
1631162208,88.70,73.04,74.21
1631162268,88.70,73.04,74.21
1631162328,88.70,73.04,74.21
1631162388,88.80,73.04,74.22
1631162448,88.80,73.04,74.22
1631162508,88.80,73.04,74.22
1631162568,88.80,73.04,74.22
1631162628,88.80,73.04,74.22
1631162688,88.80,73.04,74.22
1631162749,88.80,73.04,74.22
1631162809,88.70,73.04,74.21
1631162869,88.70,73.04,74.21
1631162929,88.90,73.04,74.22
1631162989,88.90,73.04,74.22
1631163049,88.90,73.04,74.22
1631163109,88.90,73.04,74.22
1631163169,89.00,73.04,74.23
1631163229,88.80,73.04,74.22
1631163289,88.80,73.04,74.22
1631163349,88.90,73.04,74.22
1631163409,88.90,73.04,74.22
1631163469,88.90,73.22,74.42
1631163529,89.10,73.04,74.23
1631163589,89.00,73.04,74.23
1631163649,89.00,73.04,74.23
1631163709,89.00,73.04,74.23
1631163769,89.10,73.22,74.43
1631163829,89.00,73.04,74.23
1631163889,89.00,73.04,74.23
1631163949,89.00,73.04,74.23
1631164009,89.10,73.04,74.23
1631164069,88.90,73.04,74.22
1631164129,89.00,73.04,74.23
1631164189,89.00,73.04,74.23
1631164249,88.90,73.04,74.22
1631164309,89.10,73.04,74.23
1631164369,89.00,73.04,74.23
1631164429,89.20,73.04,74.24
1631164490,89.10,73.04,74.23
1631164550,89.20,73.04,74.24
1631164610,89.20,73.04,74.24
1631164670,89.20,73.04,74.24
1631164730,89.50,73.04,74.25
1631164790,89.60,73.04,74.26
1631164850,89.80,73.04,74.26
1631164910,89.70,73.04,74.26
1631164970,89.90,73.04,74.27
1631165030,90.10,73.04,74.28
1631165090,90.20,73.04,74.28
1631165150,90.30,73.04,74.29
1631165210,90.20,73.04,74.28
1631165270,90.00,73.04,74.27
1631165330,90.10,73.04,74.28
1631165390,89.90,73.04,74.27
1631165450,89.90,73.04,74.27
1631165510,90.00,73.04,74.27
1631165570,89.90,73.04,74.27
1631165630,90.00,73.04,74.27
1631165690,90.00,73.04,74.27
1631165750,90.00,73.04,74.27
1631165810,90.10,73.04,74.28
1631165870,90.00,73.04,74.27
1631165930,90.30,73.04,74.29
1631165990,90.30,73.04,74.29
1631166050,90.40,73.04,74.29
1631166110,90.50,73.04,74.30
1631166171,90.60,73.04,74.30
1631166231,90.60,73.04,74.30
1631166291,90.70,73.04,74.31
1631166351,90.70,73.04,74.31
1631166411,90.80,73.04,74.31
1631166471,90.70,73.04,74.31
1631166531,90.80,73.04,74.31
1631166591,90.90,73.04,74.32
1631166651,90.80,73.04,74.31
1631166711,90.60,73.04,74.30
1631166771,90.50,73.04,74.30
1631166831,90.60,73.04,74.30
1631166891,90.60,73.04,74.30
1631166951,90.70,73.04,74.31
1631167011,90.60,73.04,74.30
1631167071,90.60,72.86,74.10
1631167131,90.70,72.86,74.11
1631167191,90.70,73.04,74.31
1631167251,90.60,72.86,74.10
1631167311,90.80,72.86,74.11
1631167371,90.70,72.86,74.11
1631167431,90.70,72.86,74.11
1631167491,90.60,72.86,74.10
1631167551,90.60,72.86,74.10
1631167611,90.60,72.86,74.10
1631167671,90.50,72.86,74.10
1631167731,90.50,72.86,74.10
1631167791,90.50,72.86,74.10
1631167851,90.50,72.86,74.10
1631167912,90.50,72.86,74.10
1631167972,90.50,72.86,74.10
1631168032,90.50,72.86,74.10
1631168092,90.50,72.86,74.10
1631168152,90.40,72.86,74.09
1631168212,90.40,72.86,74.09
1631168272,90.30,72.86,74.09
1631168332,90.50,72.86,74.10
1631168392,90.80,72.86,74.11
1631168452,90.50,72.86,74.10
1631168512,90.50,72.86,74.10
1631168572,90.30,72.86,74.09
1631168632,90.50,72.86,74.10
1631168692,90.30,72.86,74.09
1631168752,90.40,72.86,74.09
1631168812,90.30,72.86,74.09
1631168872,90.40,72.86,74.09
1631168932,90.40,72.86,74.09
1631168992,90.30,72.86,74.09
1631169052,90.30,72.86,74.09
1631169112,90.30,72.86,74.09
1631169172,90.50,72.86,74.10
1631169232,90.50,72.86,74.10
1631169292,90.60,72.86,74.10
1631169352,90.70,72.86,74.11
1631169412,90.60,72.86,74.10
1631169472,90.70,72.86,74.11
1631169532,90.90,72.86,74.12
1631169592,90.80,72.86,74.11
1631169653,90.70,72.86,74.11
1631169713,90.50,72.86,74.10
1631169773,90.50,72.86,74.10
1631169833,90.60,72.86,74.10
1631169893,90.70,72.86,74.11
1631169953,90.70,72.86,74.11
1631170013,90.60,72.86,74.10
1631170073,90.60,72.86,74.10
1631170133,90.70,72.86,74.11
1631170193,90.70,72.86,74.11
1631170253,90.60,72.86,74.10
1631170313,90.70,72.86,74.11
1631170373,90.80,72.86,74.11
1631170433,90.80,72.86,74.11
1631170493,90.80,72.86,74.11
1631170553,90.70,72.86,74.11
1631170613,90.70,72.86,74.11
1631170673,90.60,72.86,74.10
1631170733,90.50,72.86,74.10
1631170793,90.50,72.86,74.10
1631170853,90.50,72.86,74.10
1631170913,90.50,72.86,74.10
1631170973,90.50,72.86,74.10
1631171033,90.60,73.04,74.30
1631171093,90.70,72.86,74.11
1631171153,90.60,72.86,74.10
1631171213,90.70,73.04,74.31
1631171273,90.70,72.86,74.11
1631171334,90.70,73.04,74.31
1631171394,90.70,73.04,74.31
1631171454,90.60,73.04,74.30
1631171514,90.70,73.04,74.31
1631171574,90.50,73.04,74.30
1631171634,90.40,73.04,74.29
1631171694,90.40,73.04,74.29
1631171754,90.40,73.04,74.29
1631171814,90.50,73.04,74.30
1631171874,90.40,73.04,74.29
1631171934,90.30,73.04,74.29
1631171994,90.30,73.04,74.29
1631172054,90.30,73.22,74.49
1631172114,90.50,73.22,74.50
1631172174,90.50,73.22,74.50
1631172234,90.30,73.22,74.49
1631172294,90.50,73.22,74.50
1631172354,90.60,73.22,74.50
1631172414,90.60,73.22,74.50
1631172474,90.50,73.22,74.50
1631172534,90.70,73.22,74.50
1631172594,90.70,73.40,74.70
1631172654,90.60,73.40,74.70
1631172714,90.90,73.40,74.71
1631172774,90.90,73.40,74.71
1631172834,90.80,73.40,74.71
1631172894,90.70,73.40,74.70
1631172954,90.80,73.40,74.71
1631173014,90.60,73.40,74.70
1631173075,90.80,73.40,74.71
1631173135,90.80,73.40,74.71
1631173195,90.70,73.40,74.70
1631173255,90.70,73.58,74.90
1631173315,90.70,73.58,74.90
1631173375,90.70,73.58,74.90
1631173435,90.80,73.76,75.10
1631173495,90.80,73.76,75.10
1631173555,90.60,73.76,75.09
1631173615,90.60,73.94,75.29
1631173675,90.00,73.94,75.26
1631173735,89.70,73.94,75.25
1631173795,89.50,73.94,75.24
1631173855,89.50,74.12,75.44
1631173915,89.50,74.12,75.44
1631173975,89.70,74.12,75.45
1631174035,89.40,74.30,75.63
1631174095,89.20,74.30,75.62
1631174155,89.40,74.30,75.63
1631174215,89.30,74.30,75.63
1631174275,89.30,74.30,75.63
1631174335,89.40,74.30,75.63
1631174395,89.50,74.48,75.83
1631174455,89.60,74.48,75.84
1631174515,89.20,74.48,75.82
1631174575,89.00,74.84,76.21
1631174635,88.90,74.84,76.20
1631174695,88.80,74.84,76.20
1631174755,89.00,75.02,76.40
1631174816,88.60,75.02,76.39
1631174876,88.70,75.20,76.59
1631174936,89.00,75.20,76.60
1631174996,88.70,75.20,76.59
1631175056,88.50,75.38,76.78
1631175116,88.80,75.38,76.79
1631175176,88.80,75.38,76.79
1631175236,88.70,75.56,76.98
1631175296,89.00,75.56,77.00
1631175356,88.30,75.56,76.97
1631175416,88.40,75.74,77.17
1631175476,89.10,75.74,77.20
1631175536,88.60,75.74,77.18
1631175596,89.20,75.74,77.21
1631175656,89.00,75.92,77.39
1631175716,88.60,75.92,77.38
1631175776,89.10,75.92,77.40
1631175836,89.00,75.92,77.39
1631175896,88.90,75.92,77.39
1631175956,88.80,75.92,77.39
1631176016,88.70,76.10,77.58
1631176076,88.70,75.92,77.38
1631176136,88.80,76.10,77.58
1631176196,89.40,76.10,77.61
1631176256,92.00,75.92,77.54
1631176316,91.70,75.92,77.52
1631176376,92.30,75.74,77.35
1631176436,92.60,75.74,77.37
1631176496,92.70,75.74,77.37
1631176557,92.70,75.74,77.37
1631176617,92.90,75.74,77.38
1631176677,92.50,75.74,77.36
1631176737,92.90,75.74,77.38
1631176797,92.90,75.56,77.18
1631176857,93.00,75.56,77.19
1631176917,93.20,75.56,77.20
1631176977,93.30,75.38,77.00
1631177037,93.30,75.38,77.00
1631177097,93.20,75.56,77.20
1631177157,93.40,75.38,77.01
1631177217,93.40,75.38,77.01
1631177277,93.30,75.38,77.00
1631177337,93.50,75.38,77.01
1631177397,93.50,75.38,77.01
1631177457,93.70,75.38,77.02
1631177517,93.70,75.20,76.82
1631177577,93.70,75.20,76.82
1631177637,93.80,75.20,76.83
1631177697,93.90,75.20,76.83
1631177757,94.10,75.38,77.04
1631177817,94.00,75.38,77.04
1631177877,93.80,75.38,77.03
1631177937,93.70,75.38,77.02
1631177997,93.60,75.38,77.02
1631178057,94.00,75.38,77.04
1631178117,93.70,75.38,77.02
1631178177,93.80,75.38,77.03
1631178237,94.00,75.38,77.04
1631178298,93.80,75.56,77.22
1631178358,93.80,75.56,77.22
1631178418,93.70,75.56,77.22
1631178478,93.40,75.74,77.40
1631178538,93.90,75.74,77.43
1631178598,93.90,75.74,77.43
1631178658,93.70,75.74,77.42
1631178718,93.70,75.74,77.42
1631178778,93.60,75.74,77.41
1631178838,93.60,75.74,77.41
1631178898,93.50,75.74,77.41
1631178958,93.40,75.74,77.40
1631179018,93.70,75.74,77.42
1631179078,93.60,75.74,77.41
1631179138,93.60,75.74,77.41
1631179198,93.40,75.74,77.40
1631179258,93.40,75.74,77.40
1631179318,93.50,75.74,77.41
1631179378,93.60,75.74,77.41
1631179438,93.90,75.92,77.63
1631179498,93.60,75.92,77.61
1631179558,93.60,75.92,77.61
1631179618,93.40,75.92,77.60
1631179678,93.20,76.10,77.79
1631179738,93.50,76.10,77.80
1631179798,93.50,76.10,77.80
1631179858,93.60,76.10,77.81
1631179918,93.30,76.28,77.99
1631179978,93.30,76.28,77.99
1631180039,93.40,76.28,78.00
1631180099,93.30,76.28,77.99
1631180159,92.80,76.28,77.97
1631180219,92.50,76.28,77.96
1631180279,92.60,76.28,77.96
1631180339,93.20,76.28,77.99
1631180399,93.40,76.46,78.20
1631180459,93.20,76.46,78.19
1631180519,93.00,76.46,78.18
1631180579,93.00,76.64,78.38
1631180639,93.30,76.64,78.39
1631180699,93.10,76.64,78.38
1631180759,93.10,76.64,78.38
1631180819,93.10,76.64,78.38
1631180879,92.80,76.82,78.56
1631180939,92.60,76.82,78.55
1631180999,93.00,76.82,78.57
1631181059,93.30,76.82,78.59
1631181119,92.70,76.82,78.56
1631181179,92.60,76.82,78.55
1631181239,92.40,76.82,78.54
1631181299,92.60,76.82,78.55
1631181359,92.80,76.82,78.56
1631181419,92.70,76.82,78.56
1631181479,92.50,76.82,78.55
1631181539,92.30,76.82,78.54
1631181599,92.40,76.82,78.54
1631181659,92.20,76.82,78.54
1631181719,91.60,76.64,78.31
1631181780,91.60,76.82,78.51
1631181840,91.80,76.82,78.52
1631181900,91.80,76.82,78.52
1631181960,91.80,76.82,78.52
1631182020,92.20,76.82,78.54
1631182080,92.40,76.82,78.54
1631182140,92.50,76.82,78.55
1631182200,92.30,76.82,78.54
1631182260,92.30,76.82,78.54
1631182320,92.30,76.82,78.54
1631182380,92.50,76.82,78.55
1631182440,92.40,76.82,78.54
1631182500,92.50,76.82,78.55
1631182560,92.30,76.82,78.54
1631182620,92.30,76.82,78.54
1631182680,91.80,76.82,78.52
1631182740,91.90,76.82,78.52
1631182800,91.90,76.64,78.32
1631182860,91.80,76.64,78.32
1631182920,91.80,76.64,78.32
1631182980,91.80,76.64,78.32
1631183040,92.00,76.46,78.13
1631183100,92.00,76.46,78.13
1631183160,92.10,76.46,78.13
1631183220,92.20,76.46,78.14
1631183280,92.10,76.46,78.13
1631183340,92.20,76.46,78.14
1631183400,91.90,76.46,78.13
1631183460,92.00,76.28,77.93
1631183520,92.00,76.28,77.93
1631183581,92.20,76.28,77.94
1631183641,92.30,76.28,77.95
1631183701,92.60,76.28,77.96
1631183761,92.50,76.28,77.96
1631183821,92.60,76.28,77.96
1631183881,92.00,76.28,77.93
1631183941,92.20,76.28,77.94
1631184001,92.60,76.28,77.96
1631184061,92.40,76.28,77.95
1631184121,92.40,76.28,77.95
1631184181,92.40,76.28,77.95
1631184241,92.60,76.10,77.76
1631184301,92.60,76.10,77.76
1631184361,92.80,76.10,77.77
1631184421,93.00,76.10,77.78
1631184481,92.70,76.10,77.77
1631184541,92.70,76.10,77.77
1631184601,92.70,76.10,77.77
1631184661,92.70,76.10,77.77
1631184721,92.60,76.28,77.96
1631184781,92.60,76.28,77.96
1631184841,92.50,76.28,77.96
1631184901,92.70,76.28,77.96
1631184961,92.70,76.28,77.96
1631185021,92.90,76.28,77.97
1631185081,92.80,76.28,77.97
1631185141,92.70,76.28,77.96
1631185201,92.90,76.28,77.97
1631185261,92.90,76.28,77.97
1631185322,93.10,76.28,77.98
1631185382,93.00,76.28,77.98
1631185442,93.00,76.28,77.98
1631185502,92.90,76.28,77.97
1631185562,92.80,76.28,77.97
1631185622,92.90,76.28,77.97
1631185682,93.10,76.28,77.98
1631185742,93.20,76.28,77.99
1631185802,93.00,76.28,77.98
1631185862,93.40,76.28,78.00
1631185922,93.20,76.46,78.19
1631185982,93.30,76.46,78.19
1631186042,93.20,76.46,78.19
1631186102,93.00,76.46,78.18
1631186162,93.20,76.46,78.19
1631186222,93.10,76.46,78.18
1631186282,92.90,76.46,78.17
1631186342,92.70,76.46,78.16
1631186402,92.80,76.46,78.17
1631186462,93.00,76.46,78.18
1631186522,92.90,76.46,78.17
1631186582,92.70,76.46,78.16
1631186642,92.60,76.46,78.16
1631186702,92.70,76.64,78.36
1631186762,92.70,76.64,78.36
1631186822,92.60,76.64,78.36
1631186882,92.80,76.64,78.37
1631186942,92.70,76.64,78.36
1631187002,92.90,76.64,78.37
1631187063,92.50,76.64,78.35
1631187123,92.50,76.64,78.35
1631187183,92.50,76.64,78.35
1631187243,92.60,76.64,78.36
1631187303,92.60,76.64,78.36
1631187363,92.70,76.82,78.56
1631187423,92.60,76.82,78.55
1631187483,92.40,76.82,78.54
1631187543,92.60,76.82,78.55
1631187603,92.80,76.82,78.56
1631187663,92.30,76.82,78.54
1631187723,92.50,76.82,78.55
1631187783,92.40,76.82,78.54
1631187843,92.40,76.82,78.54
1631187903,92.50,76.82,78.55
1631187963,92.50,76.82,78.55
1631188023,92.40,76.82,78.54
1631188083,92.40,76.82,78.54
1631188143,92.20,76.82,78.54
1631188203,92.00,76.82,78.53
1631188263,92.00,76.82,78.53
1631188323,91.60,76.82,78.51
1631188383,91.60,76.82,78.51
1631188443,91.60,77.00,78.71
1631188503,91.70,77.00,78.71
1631188563,91.50,77.00,78.70
1631188623,91.90,77.00,78.72
1631188683,91.70,77.00,78.71
1631188743,91.50,77.00,78.70
1631188804,91.60,77.18,78.90
1631188864,91.70,77.18,78.91
1631188924,91.40,77.18,78.89
1631188984,91.40,77.18,78.89
1631189044,91.60,77.18,78.90
1631189104,91.90,77.18,78.92
1631189164,91.50,77.18,78.90
1631189224,91.30,77.18,78.89
1631189284,91.60,77.18,78.90
1631189344,91.70,77.18,78.91
1631189404,91.30,77.18,78.89
1631189464,91.20,77.36,78.96
1631189524,91.70,77.18,78.91
1631189584,92.00,77.36,78.94
1631189644,91.50,77.36,78.95
1631189704,91.40,77.36,78.96
1631189764,91.10,77.36,78.96
1631189824,91.20,77.18,78.88
1631189884,91.10,77.36,78.96
1631189944,91.00,77.18,78.88
1631190004,91.00,77.18,78.88
1631190064,91.10,77.18,78.88
1631190124,90.80,77.18,78.87
1631190184,90.50,77.18,78.85
1631190244,90.70,77.18,78.86
1631190304,90.50,77.18,78.85
1631190364,90.80,77.18,78.87
1631190424,90.70,77.18,78.86
1631190484,90.30,77.00,78.64
1631190544,90.50,77.00,78.65
1631190604,90.90,77.00,78.67
1631190664,90.70,77.00,78.66
1631190724,90.30,77.00,78.64
1631190784,90.50,76.82,78.46
1631190844,90.50,76.82,78.46
1631190904,90.60,76.82,78.46
1631190965,90.50,76.82,78.46
1631191025,90.40,76.82,78.45
1631191085,90.70,76.64,78.27
1631191145,90.80,76.64,78.27
1631191205,91.10,76.64,78.29
1631191265,91.10,76.64,78.29
1631191325,91.00,76.64,78.28
1631191385,91.10,76.64,78.29
1631191445,91.00,76.64,78.28
1631191505,91.10,76.64,78.29
1631191565,91.10,76.64,78.29
1631191625,91.20,76.64,78.29
1631191685,91.30,76.64,78.30
1631191745,91.10,76.82,78.48
1631191805,91.30,76.64,78.30
1631191865,91.30,76.82,78.49
1631191925,91.00,76.64,78.28
1631191985,91.00,76.82,78.48
1631192045,91.10,76.82,78.48
1631192105,91.30,76.82,78.49
1631192165,91.60,76.82,78.51
1631192225,91.30,77.00,78.69
1631192285,90.90,77.00,78.67
1631192345,91.00,77.00,78.68
1631192405,90.70,77.00,78.66
1631192465,91.20,77.00,78.69
1631192525,90.50,77.00,78.65
1631192585,90.70,77.00,78.66
1631192645,90.80,77.00,78.67
1631192705,91.10,77.00,78.68
1631192765,91.60,77.00,78.71
1631192825,91.40,77.00,78.70
1631192885,91.60,77.00,78.71
1631192945,91.60,77.00,78.71
1631193005,91.50,77.18,78.90
1631193065,91.30,77.00,78.69
1631193126,91.50,77.18,78.90
1631193186,91.40,77.18,78.89
1631193246,91.40,77.18,78.89
1631193306,91.40,77.18,78.89
1631193366,91.80,77.18,78.91
1631193426,91.70,77.36,78.95
1631193486,92.00,77.36,78.94
1631193546,91.90,77.36,78.94
1631193606,91.40,77.36,78.96
1631193666,91.60,77.36,78.95
1631193726,91.30,77.36,78.96
1631193786,91.10,77.36,78.96
1631193846,91.10,77.36,78.96
1631193906,90.80,77.36,78.97
1631193966,90.90,77.18,78.87
1631194026,90.80,77.18,78.87
1631194086,90.90,77.00,78.67
1631194146,91.40,77.00,78.70
1631194206,91.50,77.00,78.70
1631194266,91.50,77.00,78.70
1631194326,91.60,77.18,78.90
1631194386,92.10,77.18,78.93
1631194446,91.90,77.18,78.92
1631194506,92.10,77.18,78.93
1631194566,92.20,77.18,78.93
1631194626,92.20,77.18,78.93
1631194686,92.10,77.18,78.93
1631194746,92.30,77.00,78.74
1631194806,92.10,77.00,78.73
1631194867,92.00,77.00,78.72
1631194927,91.80,77.00,78.71
1631194987,91.80,77.00,78.71
1631195047,92.00,77.00,78.72
1631195107,92.10,77.18,78.93
1631195167,92.00,77.18,78.92
1631195227,92.00,77.18,78.92
1631195287,91.70,77.00,78.71
1631195347,91.50,77.18,78.90
1631195407,91.40,77.00,78.70
1631195467,91.70,77.18,78.91
1631195527,91.80,77.00,78.71
1631195587,92.10,77.18,78.93
1631195647,92.20,77.00,78.73
1631195707,92.40,77.00,78.74
1631195767,92.60,77.00,78.75
1631195827,92.30,77.00,78.74
1631195887,92.60,76.82,78.55
1631195947,92.60,76.82,78.55
1631196007,92.60,77.00,78.75
1631196067,92.40,76.82,78.54
1631196127,92.60,76.82,78.55
1631196187,92.50,76.82,78.55
1631196247,92.40,76.82,78.54
1631196307,92.40,76.82,78.54
1631196367,92.70,76.82,78.56
1631196427,92.40,76.64,78.35
1631196487,92.30,76.82,78.54
1631196547,92.60,76.82,78.55
1631196608,92.70,76.64,78.36
1631196668,92.60,76.64,78.36
1631196728,92.90,76.64,78.37
1631196788,92.80,76.82,78.56
1631196848,92.90,76.82,78.57
1631196908,92.90,76.82,78.57
1631196968,93.00,76.82,78.57
1631197028,92.90,76.82,78.57
1631197088,93.10,76.82,78.58
1631197148,92.90,76.82,78.57
1631197208,93.20,76.82,78.58
1631197268,93.10,76.82,78.58
1631197328,92.90,77.00,78.77
1631197388,92.80,77.00,78.76
1631197448,92.90,77.00,78.77
1631197508,92.90,76.82,78.57
1631197568,92.90,77.00,78.77
1631197628,92.80,76.82,78.56
1631197688,92.90,77.00,78.77
1631197748,93.00,77.00,78.77
1631197808,92.70,76.82,78.56
1631197868,92.70,77.00,78.76
1631197928,92.60,77.00,78.75
1631197988,92.50,77.00,78.75
1631198048,92.50,77.00,78.75
1631198108,92.60,77.00,78.75
1631198168,92.20,77.00,78.73
1631198228,92.50,77.00,78.75
1631198288,92.40,77.00,78.74
1631198349,92.50,76.82,78.55
1631198409,92.30,76.82,78.54
1631198469,92.60,76.82,78.55
1631198529,92.90,76.64,78.37
1631198589,92.60,76.64,78.36
1631198649,92.60,76.64,78.36
1631198709,92.60,76.64,78.36
1631198769,92.70,76.64,78.36
1631198829,92.90,76.64,78.37
1631198889,92.90,76.64,78.37
1631198949,92.90,76.46,78.17
1631199009,93.00,76.46,78.18
1631199069,93.10,76.64,78.38
1631199129,93.00,76.64,78.38
1631199189,92.90,76.64,78.37
1631199249,92.80,76.64,78.37
1631199309,92.80,76.46,78.17
1631199369,92.90,76.64,78.37
1631199429,92.90,76.46,78.17
1631199489,92.80,76.46,78.17
1631199549,92.90,76.46,78.17
1631199609,93.20,76.46,78.19
1631199669,93.20,76.46,78.19
1631199729,93.30,76.28,77.99
1631199789,93.10,76.46,78.18
1631199849,93.20,76.28,77.99
1631199909,93.00,76.28,77.98
1631199969,93.20,76.28,77.99
1631200029,93.10,76.28,77.98
1631200090,93.10,76.28,77.98
1631200150,93.10,76.10,77.79
1631200210,93.10,76.10,77.79
1631200270,93.30,75.92,77.60
1631200330,93.20,75.92,77.59
1631200390,92.90,75.92,77.58
1631200450,92.90,75.92,77.58
1631200510,92.80,75.92,77.57
1631200570,93.20,75.92,77.59
1631200630,93.20,75.74,77.39
1631200690,93.00,75.74,77.39
1631200750,93.00,75.74,77.39
1631200810,93.30,75.74,77.40
1631200870,93.30,75.74,77.40
1631200930,93.30,75.74,77.40
1631200990,93.30,75.74,77.40
1631201050,93.50,75.56,77.21
1631201110,93.40,75.56,77.21
1631201170,93.40,75.56,77.21
1631201230,93.40,75.56,77.21
1631201290,93.40,75.56,77.21
1631201350,93.40,75.56,77.21
1631201410,93.20,75.56,77.20
1631201470,93.40,75.56,77.21
1631201530,93.40,75.56,77.21
1631201590,93.50,75.56,77.21
1631201650,93.60,75.56,77.22
1631201710,93.50,75.56,77.21
1631201770,93.50,75.56,77.21
1631201830,93.50,75.38,77.01
1631201891,93.50,75.38,77.01
1631201951,93.70,75.38,77.02
1631202011,93.60,75.38,77.02
1631202071,93.60,75.38,77.02
1631202131,93.70,75.20,76.82
1631202191,93.50,75.20,76.81
1631202251,93.70,75.20,76.82
1631202311,93.70,75.20,76.82
1631202371,93.80,75.20,76.83
1631202431,93.70,75.38,77.02
1631202491,93.70,75.38,77.02
1631202551,93.80,75.38,77.03
1631202611,93.80,75.38,77.03
1631202671,93.80,75.38,77.03
1631202731,93.80,75.38,77.03
1631202791,94.00,75.38,77.04
1631202851,94.00,75.38,77.04
1631202911,93.80,75.38,77.03
1631202971,93.90,75.38,77.03
1631203031,93.80,75.38,77.03
1631203091,93.70,75.38,77.02
1631203151,93.80,75.38,77.03
1631203211,93.80,75.38,77.03
1631203271,93.80,75.56,77.22
1631203331,93.70,75.56,77.22
1631203391,93.80,75.56,77.22
1631203451,93.70,75.74,77.42
1631203511,93.90,75.74,77.43
1631203571,93.80,75.74,77.42
1631203632,93.40,75.74,77.40
1631203692,93.50,75.74,77.41
1631203752,93.40,75.74,77.40
1631203812,93.60,75.74,77.41
1631203872,93.60,75.74,77.41
1631203932,93.50,75.74,77.41
1631203992,93.40,75.74,77.40
1631204052,93.40,75.74,77.40
1631204112,93.50,75.74,77.41
1631204172,93.40,75.74,77.40
1631204232,93.30,75.74,77.40
1631204292,93.00,75.74,77.39
1631204352,93.20,75.56,77.20
1631204412,92.70,75.56,77.17
1631204472,93.00,75.56,77.19
1631204532,92.90,75.56,77.18
1631204592,93.10,75.38,76.99
1631204652,93.30,75.38,77.00
1631204712,93.00,75.38,76.99
1631204772,92.90,75.38,76.98
1631204832,93.10,75.38,76.99
1631204892,93.30,75.38,77.00
1631204952,93.20,75.20,76.80
1631205012,93.30,75.20,76.81
1631205072,93.00,75.20,76.79
1631205132,92.60,75.02,76.57
1631205192,92.80,75.02,76.58
1631205252,93.20,75.02,76.60
1631205312,92.90,75.02,76.59
1631205373,92.90,75.02,76.59
1631205433,93.00,75.02,76.59
1631205493,93.10,74.84,76.40
1631205553,93.30,74.84,76.41
1631205613,93.10,74.84,76.40
1631205673,93.10,74.84,76.40
1631205733,93.10,74.66,76.20
1631205793,93.30,74.66,76.21
1631205853,93.50,74.66,76.22
1631205913,93.50,74.66,76.22
1631205973,93.50,74.66,76.22
1631206033,93.60,74.66,76.23
1631206093,93.70,74.66,76.23
1631206153,93.60,74.66,76.23
1631206213,93.60,74.66,76.23
1631206273,93.50,74.66,76.22
1631206333,93.70,74.48,76.03
1631206393,93.80,74.48,76.04
1631206453,93.80,74.48,76.04
1631206513,93.80,74.48,76.04
1631206573,93.90,74.30,75.84
1631206633,93.90,74.30,75.84
1631206693,94.00,74.30,75.85
1631206753,93.80,74.30,75.84
1631206813,94.00,74.48,76.05
1631206873,93.90,74.48,76.04
1631206933,94.00,74.30,75.85
1631206993,94.10,74.30,75.85
1631207053,94.20,74.30,75.86
1631207114,94.30,74.30,75.86
1631207174,94.20,74.12,75.66
1631207234,94.30,74.12,75.66
1631207294,94.20,74.12,75.66
1631207354,94.20,74.12,75.66
1631207414,94.20,74.12,75.66
1631207474,94.30,74.12,75.66
1631207534,94.30,74.12,75.66
1631207594,94.40,74.12,75.67
1631207654,94.20,74.12,75.66
1631207714,94.30,74.30,75.86
1631207774,94.30,74.30,75.86
1631207834,94.20,74.12,75.66
1631207894,94.30,74.12,75.66
1631207954,94.40,74.12,75.67
1631208014,94.60,73.94,75.48
1631208074,94.60,73.94,75.48
1631208134,94.70,73.94,75.48
1631208194,94.60,73.94,75.48
1631208254,94.40,73.94,75.47
1631208314,94.70,73.94,75.48
1631208374,94.50,73.94,75.48
1631208434,94.60,73.94,75.48
1631208494,94.60,73.94,75.48
1631208554,94.70,73.94,75.48
1631208614,94.50,73.94,75.48
1631208674,94.80,73.94,75.49
1631208734,94.60,73.94,75.48
1631208794,94.60,73.94,75.48
1631208854,94.60,73.94,75.48
1631208915,94.50,73.94,75.48
1631208975,94.50,73.94,75.48
1631209035,94.50,73.94,75.48
1631209095,94.40,73.94,75.47
1631209155,94.60,73.94,75.48
1631209215,94.90,73.94,75.49
1631209275,94.90,73.76,75.30
1631209335,95.00,73.76,75.30
1631209395,95.00,73.76,75.30
1631209455,95.10,73.76,75.31
1631209515,95.20,73.76,75.31
1631209575,95.20,73.76,75.31
1631209635,95.30,73.58,75.12
1631209695,95.30,73.76,75.32
1631209755,95.20,73.76,75.31
1631209815,95.10,73.76,75.31
1631209875,95.20,73.76,75.31
1631209935,95.10,73.76,75.31
1631209995,95.00,73.76,75.30
1631210055,95.00,73.76,75.30
1631210115,95.00,73.76,75.30
1631210175,95.00,73.76,75.30
1631210235,94.90,73.76,75.30
1631210295,94.70,73.76,75.29
1631210355,94.70,73.76,75.29
1631210415,95.00,73.76,75.30
1631210475,95.10,73.76,75.31
1631210535,94.90,73.76,75.30
1631210595,95.10,73.58,75.11
1631210656,95.20,73.58,75.11
1631210716,95.20,73.58,75.11
1631210776,95.30,73.58,75.12
1631210836,95.40,73.58,75.12
1631210896,95.40,73.40,74.92
1631210956,95.40,73.40,74.92
1631211016,95.30,73.58,75.12
1631211076,95.30,73.58,75.12
1631211136,95.20,73.58,75.11
1631211196,94.80,73.58,75.09
1631211256,94.70,73.40,74.89
1631211316,94.60,73.40,74.89
1631211376,94.30,73.40,74.87
1631211436,94.10,73.40,74.86
1631211496,93.80,73.40,74.85
1631211556,93.70,73.40,74.84
1631211616,92.90,73.22,74.61
1631211676,92.90,73.04,74.41
1631211736,93.10,72.86,74.22
1631211796,93.10,72.68,74.02
1631211856,93.20,72.68,74.03
1631211916,93.20,72.68,74.03
1631211976,93.50,72.68,74.04
1631212036,93.40,72.68,74.04
1631212096,93.30,72.50,73.84
1631212156,93.20,72.50,73.83
1631212216,93.40,72.50,73.84
1631212276,93.30,72.50,73.84
1631212336,93.40,72.32,73.64
1631212397,93.50,72.32,73.65
1631212457,93.60,72.32,73.65
1631212517,93.70,72.32,73.66
1631212577,93.60,72.32,73.65
1631212637,93.60,72.32,73.65
1631212697,93.50,72.32,73.65
1631212757,93.50,72.32,73.65
1631212817,93.60,72.32,73.65
1631212877,93.50,72.32,73.65
1631212937,93.40,72.14,73.44
1631212997,93.70,72.14,73.46
1631213057,93.70,72.14,73.46
1631213117,93.70,71.96,73.26
1631213177,93.80,71.96,73.26
1631213237,93.70,71.96,73.26
1631213297,93.70,71.96,73.26
1631213357,93.70,71.96,73.26
1631213417,93.50,71.96,73.25
1631213477,93.50,71.96,73.25
1631213537,93.50,71.96,73.25
1631213597,93.40,71.96,73.25
1631213657,93.30,71.96,73.24
1631213717,93.40,71.96,73.25
1631213777,93.70,71.96,73.26
1631213837,93.70,71.96,73.26
1631213897,93.70,71.96,73.26
1631213957,93.70,71.78,73.06
1631214017,93.70,71.78,73.06
1631214077,93.80,71.78,73.07
1631214138,93.90,71.60,72.87
1631214198,93.80,71.60,72.87
1631214258,93.80,71.42,72.67
1631214318,93.80,71.42,72.67
1631214378,94.00,71.60,72.88
1631214438,94.00,71.60,72.88
1631214498,93.90,71.42,72.68
1631214558,94.00,71.42,72.68
1631214618,94.10,71.42,72.68
1631214678,94.30,71.24,72.50
1631214738,94.30,71.24,72.50
1631214798,94.30,71.24,72.50
1631214858,94.30,71.24,72.50
1631214918,94.40,71.24,72.50
1631214978,94.30,71.24,72.50
1631215038,94.10,71.24,72.49
1631215098,94.10,71.24,72.49
1631215158,94.10,71.06,72.29
1631215218,94.40,71.06,72.30
1631215278,94.40,71.06,72.30
1631215338,94.50,71.06,72.31
1631215398,94.30,71.06,72.30
1631215458,94.20,71.06,72.29
1631215518,94.20,71.06,72.29
1631215578,94.30,71.06,72.30
1631215638,94.30,71.24,72.50
1631215698,94.40,71.24,72.50
1631215758,94.30,71.06,72.30
1631215818,94.30,71.06,72.30
1631215878,94.30,71.06,72.30
1631215939,94.40,71.06,72.30
1631215999,94.40,71.06,72.30
1631216059,94.20,70.88,72.10
1631216119,94.30,70.88,72.10
1631216179,94.40,70.88,72.10
1631216239,94.30,70.88,72.10
1631216299,94.10,70.88,72.09
1631216359,94.40,71.06,72.30
1631216419,94.30,71.06,72.30
1631216479,94.00,71.06,72.28
1631216539,93.90,71.06,72.28
1631216599,94.30,70.88,72.10
1631216659,94.50,70.88,72.11
1631216719,94.60,70.88,72.11
1631216779,94.70,70.88,72.12
1631216839,94.70,70.70,71.92
1631216899,94.80,70.70,71.93
1631216959,94.80,70.70,71.93
1631217019,94.80,70.88,72.12
1631217079,94.80,70.88,72.12
1631217139,94.80,70.88,72.12
1631217199,94.70,70.70,71.92
1631217259,94.90,70.70,71.93
1631217319,94.90,70.70,71.93
1631217379,95.00,70.70,71.93
1631217439,95.00,70.70,71.93
1631217499,95.10,70.70,71.94
1631217559,95.10,70.70,71.94
1631217619,94.90,70.70,71.93
1631217680,94.90,70.70,71.93
1631217740,94.70,70.88,72.12
1631217800,94.70,70.88,72.12
1631217860,94.90,70.88,72.13
1631217920,95.00,70.88,72.13
1631217980,94.90,70.70,71.93
1631218040,95.00,70.70,71.93
1631218100,95.00,70.70,71.93
1631218160,95.10,70.70,71.94
1631218220,95.10,70.70,71.94
1631218280,95.10,70.70,71.94
1631218340,95.10,70.70,71.94
1631218400,95.00,70.70,71.93
1631218460,95.20,70.70,71.94
1631218520,95.10,70.52,71.74
1631218580,95.10,70.70,71.94
1631218640,95.00,70.70,71.93
1631218700,94.90,70.70,71.93
1631218760,94.80,70.70,71.93
1631218820,94.90,70.70,71.93
1631218880,94.80,70.70,71.93
1631218940,94.70,70.70,71.92
1631219000,94.60,70.70,71.92
1631219060,94.80,70.70,71.93
1631219120,95.00,70.70,71.93
1631219180,95.00,70.70,71.93
1631219240,95.10,70.70,71.94
1631219300,95.20,70.70,71.94
1631219360,95.10,70.52,71.74
1631219421,95.10,70.52,71.74
1631219481,95.00,70.52,71.74
1631219541,95.10,70.52,71.74
1631219601,95.10,70.52,71.74
1631219661,95.20,70.52,71.75
1631219721,95.30,70.52,71.75
1631219781,95.40,70.34,71.56
1631219841,95.30,70.52,71.75
1631219901,95.30,70.52,71.75
1631219961,95.40,70.52,71.76
1631220021,95.20,70.52,71.75
1631220081,95.30,70.34,71.55
1631220141,95.40,70.34,71.56
1631220201,95.40,70.34,71.56
1631220261,95.50,70.34,71.56
1631220321,95.40,70.34,71.56
1631220381,95.40,70.34,71.56
1631220441,95.40,70.34,71.56
1631220501,95.50,70.34,71.56
1631220561,95.60,70.34,71.57
1631220621,95.70,70.16,71.37
1631220681,95.70,70.34,71.57
1631220741,95.70,70.34,71.57
1631220801,95.60,70.16,71.37
1631220861,95.70,70.16,71.37
1631220921,95.60,70.16,71.37
1631220981,95.60,70.16,71.37
1631221041,95.70,70.16,71.37
1631221101,95.70,70.34,71.57
1631221162,95.70,70.34,71.57
1631221222,95.80,70.34,71.58
1631221282,95.70,70.34,71.57
1631221342,95.70,70.34,71.57
1631221402,95.70,70.34,71.57
1631221462,95.60,70.16,71.37
1631221522,95.60,70.16,71.37
1631221582,95.60,70.16,71.37
1631221642,95.70,70.16,71.37
1631221702,95.70,70.16,71.37
1631221762,95.70,70.16,71.37
1631221822,95.80,70.16,71.38
1631221882,95.60,70.34,71.57
1631221942,95.70,70.34,71.57
1631222002,95.60,70.34,71.57
1631222062,95.60,70.16,71.37
1631222122,95.60,70.16,71.37
1631222182,95.60,70.16,71.37
1631222242,95.60,70.16,71.37
1631222302,95.70,70.16,71.37
1631222362,95.80,70.16,71.38
1631222422,95.50,70.16,71.36
1631222482,95.40,70.16,71.36
1631222542,95.30,70.16,71.36
1631222602,95.50,70.16,71.36
1631222662,95.60,70.16,71.37
1631222722,95.70,70.16,71.37
1631222782,95.80,70.16,71.38
1631222842,95.80,70.16,71.38
1631222902,95.90,70.16,71.38
1631222963,95.90,70.16,71.38
1631223023,95.90,70.16,71.38
1631223083,96.00,70.16,71.39
1631223143,95.80,70.16,71.38
1631223203,95.80,70.34,71.58
1631223263,95.70,70.16,71.37
1631223323,95.80,70.16,71.38
1631223383,95.80,70.34,71.58
1631223443,95.70,70.16,71.37
1631223503,95.90,70.16,71.38
1631223563,95.70,70.16,71.37
1631223623,95.60,70.16,71.37
1631223683,95.70,70.16,71.37
1631223743,95.80,70.16,71.38
1631223803,95.70,70.16,71.37
1631223863,95.80,70.16,71.38
1631223923,95.90,70.16,71.38
1631223983,95.90,70.16,71.38
1631224043,95.90,70.16,71.38
1631224103,95.90,70.16,71.38
1631224163,96.00,70.16,71.39
1631224223,96.10,70.16,71.39
1631224283,96.10,69.98,71.19
1631224343,96.10,69.98,71.19
1631224403,96.10,69.98,71.19
1631224463,96.10,69.98,71.19
1631224523,96.10,69.98,71.19
1631224583,96.20,69.98,71.20
1631224643,96.30,69.98,71.20
1631224704,96.30,69.98,71.20
1631224764,96.30,69.98,71.20
1631224824,96.20,69.98,71.20
1631224884,96.20,70.16,71.40
1631224944,96.30,70.16,71.40
1631225004,96.10,70.16,71.39
1631225064,96.20,69.98,71.20
1631225124,96.20,69.98,71.20
1631225184,96.20,70.16,71.40
1631225244,96.10,69.98,71.19
1631225304,96.10,70.16,71.39
1631225364,96.10,69.98,71.19
1631225424,96.00,69.98,71.19
1631225484,96.10,69.98,71.19
1631225544,96.10,69.98,71.19
1631225604,96.10,69.98,71.19
1631225664,96.20,69.98,71.20
1631225724,96.30,69.98,71.20
1631225784,96.00,70.16,71.39
1631225844,95.90,70.16,71.38
1631225904,96.00,70.16,71.39
1631225964,95.90,70.16,71.38
1631226024,96.10,70.16,71.39
1631226084,96.10,70.16,71.39
1631226144,96.20,70.16,71.40
1631226204,96.20,70.16,71.40
1631226264,96.10,69.98,71.19
1631226324,96.10,69.98,71.19
1631226384,96.10,69.98,71.19
1631226445,96.20,69.98,71.20
1631226505,96.10,69.98,71.19
1631226565,96.10,69.98,71.19
1631226625,96.20,69.98,71.20
1631226685,96.30,69.98,71.20
1631226745,96.30,69.98,71.20
1631226805,96.10,69.98,71.19
1631226865,96.10,69.98,71.19
1631226925,96.10,69.98,71.19
1631226985,96.10,69.98,71.19
1631227045,96.10,69.98,71.19
1631227105,96.10,69.98,71.19
1631227165,96.10,69.98,71.19
1631227225,96.20,69.98,71.20
1631227285,96.30,69.98,71.20
1631227345,96.30,69.80,71.01
1631227405,96.50,69.80,71.02
1631227465,96.40,69.80,71.01
1631227525,96.30,69.80,71.01
1631227585,96.40,69.80,71.01
1631227645,96.20,69.98,71.20
1631227705,96.20,69.98,71.20
1631227765,96.00,69.98,71.19
1631227825,96.00,69.98,71.19
1631227885,96.20,69.98,71.20
1631227945,96.10,69.98,71.19
1631228005,96.00,69.98,71.19
1631228065,96.00,69.98,71.19
1631228125,95.90,69.98,71.19
1631228186,95.90,69.98,71.19
1631228246,95.80,69.98,71.18
1631228306,96.00,69.98,71.19
1631228366,95.90,69.98,71.19
1631228426,96.00,69.98,71.19
1631228486,96.00,69.80,70.99
1631228546,96.00,69.80,70.99
1631228606,96.10,69.80,71.00
1631228666,96.20,69.80,71.00
1631228726,96.30,69.80,71.01
1631228786,96.30,69.80,71.01
1631228846,96.40,69.80,71.01
1631228906,96.00,69.80,70.99
1631228966,95.90,69.80,70.99
1631229026,96.20,69.80,71.00
1631229086,96.30,69.80,71.01
1631229146,96.20,69.80,71.00
1631229206,96.20,69.80,71.00
1631229266,96.20,69.80,71.00
1631229326,96.10,69.80,71.00
1631229386,96.10,69.80,71.00
1631229446,96.20,69.80,71.00
1631229506,96.30,69.62,70.81
1631229566,96.40,69.62,70.81
1631229626,96.40,69.62,70.81
1631229686,96.40,69.80,71.01
1631229746,96.50,69.80,71.02
1631229806,96.50,69.80,71.02
1631229866,96.40,69.80,71.01
1631229926,96.40,69.80,71.01
1631229987,96.50,69.80,71.02
1631230047,96.60,69.80,71.02
1631230107,96.40,69.80,71.01
1631230167,96.30,69.80,71.01
1631230227,96.40,69.80,71.01
1631230287,96.50,69.80,71.02
1631230347,96.40,69.80,71.01
1631230407,96.40,69.80,71.01
1631230467,96.30,69.80,71.01
1631230527,96.40,69.62,70.81
1631230587,96.40,69.62,70.81
1631230647,96.40,69.62,70.81
1631230707,96.50,69.62,70.82
1631230767,96.50,69.62,70.82
1631230827,96.60,69.62,70.82
1631230887,96.60,69.80,71.02
1631230947,96.50,69.62,70.82
1631231007,96.60,69.62,70.82
1631231067,96.70,69.62,70.83
1631231127,96.60,69.62,70.82
1631231187,96.70,69.62,70.83
1631231247,96.70,69.62,70.83
1631231307,96.60,69.62,70.82
1631231367,96.50,69.62,70.82
1631231427,96.40,69.80,71.01
1631231487,96.50,69.80,71.02
1631231547,96.60,69.80,71.02
1631231607,96.40,69.80,71.01
1631231667,96.40,69.80,71.01
1631231728,96.40,69.80,71.01
1631231788,96.20,69.80,71.00
1631231848,96.10,69.80,71.00
1631231908,95.90,69.80,70.99
