1631836795,90.60,67.64,68.36
1631836855,90.70,67.64,68.37
1631836915,90.80,67.64,68.37
1631836975,90.70,67.64,68.37
1631837035,90.50,67.64,68.36
1631837095,90.60,67.64,68.36
1631837155,90.70,67.64,68.37
1631837215,90.60,67.64,68.36
1631837275,90.90,67.64,68.38
1631837335,90.80,67.64,68.37
1631837395,90.70,67.64,68.37
1631837455,90.90,67.64,68.38
1631837515,90.70,67.64,68.37
1631837575,90.60,67.64,68.36
1631837635,90.90,67.64,68.38
1631837695,91.10,67.64,68.39
1631837755,90.80,67.64,68.37
1631837815,90.90,67.64,68.38
1631837875,90.80,67.64,68.37
1631837935,90.80,67.64,68.37
1631837996,90.80,67.64,68.37
1631838056,91.00,67.64,68.38
1631838116,90.90,67.64,68.38
1631838176,90.80,67.64,68.37
1631838236,90.80,67.64,68.37
1631838296,90.80,67.64,68.37
1631838356,90.90,67.64,68.38
1631838416,90.80,67.64,68.37
1631838476,90.80,67.64,68.37
1631838536,91.10,67.64,68.39
1631838596,91.00,67.64,68.38
1631838656,91.00,67.64,68.38
1631838716,90.90,67.64,68.38
1631838776,91.00,67.64,68.38
1631838836,90.90,67.64,68.38
1631838896,90.90,67.64,68.38
1631838956,90.90,67.64,68.38
1631839016,91.10,67.64,68.39
1631839076,91.00,67.64,68.38
1631839136,90.90,67.64,68.38
1631839196,91.00,67.64,68.38
1631839256,90.90,67.64,68.38
1631839316,91.00,67.64,68.38
1631839376,91.10,67.64,68.39
1631839436,91.00,67.64,68.38
1631839496,91.00,67.64,68.38
1631839556,91.20,67.64,68.39
1631839616,91.00,67.64,68.38
1631839677,90.90,67.64,68.38
1631839737,91.10,67.64,68.39
1631839797,91.00,67.64,68.38
1631839857,91.00,67.64,68.38
1631839917,91.10,67.64,68.39
1631839977,91.10,67.64,68.39
1631840037,91.00,67.64,68.38
1631840097,91.30,67.64,68.40
1631840157,91.30,67.64,68.40
1631840217,91.30,67.64,68.40
1631840277,91.10,67.82,68.58
1631840337,91.20,67.82,68.59
1631840397,91.40,67.82,68.60
1631840457,91.20,67.82,68.59
1631840517,91.40,67.82,68.60
1631840577,91.30,67.82,68.59
1631840637,91.30,67.82,68.59
1631840697,91.30,67.82,68.59
1631840757,91.30,67.82,68.59
1631840817,91.40,67.64,68.40
1631840877,91.20,67.82,68.59
1631840937,91.30,67.82,68.59
1631840997,91.30,67.64,68.40
1631841057,91.40,67.64,68.40
1631841117,91.30,67.64,68.40
1631841177,91.40,67.64,68.40
1631841237,91.30,67.64,68.40
1631841297,91.20,67.64,68.39
1631841357,91.60,67.64,68.41
1631841418,91.50,67.64,68.40
1631841478,91.20,67.64,68.39
1631841538,91.40,67.64,68.40
1631841598,91.30,67.64,68.40
1631841658,91.30,67.64,68.40
1631841718,91.30,67.64,68.40
1631841778,91.30,67.64,68.40
1631841838,91.30,67.64,68.40
1631841898,91.30,67.64,68.40
1631841958,91.40,67.64,68.40
1631842018,91.20,67.64,68.39
1631842078,91.20,67.64,68.39
1631842138,91.50,67.64,68.40
1631842198,91.40,67.64,68.40
1631842258,91.50,67.64,68.40
1631842318,91.30,67.64,68.40
1631842378,91.50,67.64,68.40
1631842438,91.30,67.64,68.40
1631842498,91.50,67.64,68.40
1631842558,91.30,67.64,68.40
1631842618,91.30,67.64,68.40
1631842678,91.40,67.64,68.40
1631842738,91.40,67.64,68.40
1631842798,91.40,67.64,68.40
1631842858,91.60,67.64,68.41
1631842918,91.60,67.64,68.41
1631842978,91.60,67.64,68.41
1631843038,91.80,67.64,68.42
1631843098,91.20,67.64,68.39
1631843159,91.10,67.82,68.58
1631843219,91.10,67.82,68.58
1631843279,91.30,67.64,68.40
1631843339,91.40,67.64,68.40
1631843399,91.70,67.64,68.41
1631843459,91.60,67.64,68.41
1631843519,91.70,67.64,68.41
1631843579,91.70,67.64,68.41
1631843639,91.70,67.64,68.41
1631843699,91.60,67.64,68.41
1631843759,91.80,67.64,68.42
1631843819,91.70,67.64,68.41
1631843879,91.70,67.64,68.41
1631843939,91.50,67.64,68.40
1631843999,91.30,67.64,68.40
1631844059,91.10,67.64,68.39
1631844119,91.30,67.82,68.59
1631844179,91.60,67.82,68.61
1631844239,91.70,67.64,68.41
1631844299,91.70,67.64,68.41
1631844359,91.60,67.64,68.41
1631844419,91.60,67.64,68.41
1631844479,91.70,67.64,68.41
1631844539,91.30,67.46,68.20
1631844599,91.20,67.46,68.19
1631844659,91.70,67.46,68.22
1631844719,91.90,67.46,68.23
1631844779,91.90,67.46,68.23
1631844840,91.80,67.46,68.22
1631844900,91.90,67.46,68.23
1631844960,92.10,67.46,68.23
1631845020,92.10,67.46,68.23
1631845080,92.00,67.46,68.23
1631845140,91.90,67.46,68.23
1631845200,91.80,67.46,68.22
1631845260,92.00,67.46,68.23
1631845320,92.00,67.46,68.23
1631845380,91.60,67.46,68.21
1631845440,91.70,67.64,68.41
1631845500,91.70,67.64,68.41
1631845560,91.80,67.64,68.42
1631845620,92.00,67.46,68.23
1631845680,91.70,67.46,68.22
1631845740,91.90,67.46,68.23
1631845800,91.60,67.46,68.21
1631845860,91.70,67.46,68.22
1631845920,91.70,67.46,68.22
1631845980,91.90,67.46,68.23
1631846040,91.70,67.46,68.22
1631846100,91.70,67.28,68.02
1631846160,91.70,67.28,68.02
1631846220,91.70,67.28,68.02
1631846280,91.60,67.28,68.01
1631846340,91.60,67.28,68.01
1631846400,91.70,67.28,68.02
1631846460,91.80,67.28,68.02
1631846520,91.90,67.28,68.03
1631846581,92.10,67.10,67.84
1631846641,92.10,67.10,67.84
1631846701,92.30,67.10,67.85
1631846761,92.30,67.10,67.85
1631846821,92.20,67.10,67.84
1631846881,92.40,67.10,67.85
1631846941,92.30,67.10,67.85
1631847001,92.30,66.92,67.65
1631847061,92.40,67.10,67.85
1631847121,92.40,67.10,67.85
1631847181,92.40,67.10,67.85
1631847241,92.40,66.92,67.65
1631847301,92.40,66.92,67.65
1631847361,92.40,66.92,67.65
1631847421,92.20,66.92,67.65
1631847481,92.20,66.92,67.65
1631847541,92.20,66.92,67.65
1631847601,92.60,66.92,67.66
1631847661,92.20,66.92,67.65
1631847721,92.30,66.92,67.65
1631847781,92.10,66.92,67.64
1631847841,92.30,66.92,67.65
1631847901,92.30,66.92,67.65
1631847961,92.20,66.92,67.65
1631848021,92.10,66.92,67.64
1631848081,92.20,66.92,67.65
1631848141,92.30,66.92,67.65
1631848201,92.50,66.92,67.66
1631848262,92.40,66.74,67.46
1631848322,92.50,66.92,67.66
1631848382,92.10,66.92,67.64
1631848442,92.20,66.92,67.65
1631848502,92.30,66.74,67.45
1631848562,92.50,66.74,67.46
1631848622,92.40,66.74,67.46
1631848682,92.40,66.74,67.46
1631848742,92.50,66.74,67.46
1631848802,92.50,66.56,67.26
1631848862,92.60,66.74,67.47
1631848922,92.50,66.56,67.26
1631848982,92.50,66.56,67.26
1631849042,92.30,66.56,67.25
1631849102,92.40,66.56,67.26
1631849162,92.50,66.74,67.46
1631849222,92.50,66.56,67.26
1631849282,92.40,66.56,67.26
1631849342,92.40,66.56,67.26
1631849402,92.30,66.56,67.25
1631849462,92.50,66.56,67.26
1631849522,92.40,66.56,67.26
1631849582,92.50,66.38,67.07
1631849642,92.60,66.38,67.07
1631849702,92.70,66.38,67.07
1631849762,92.70,66.38,67.07
1631849822,92.60,66.38,67.07
1631849882,92.50,66.38,67.07
1631849942,92.60,66.38,67.07
1631850003,92.50,66.38,67.07
1631850063,92.50,66.38,67.07
1631850123,92.60,66.38,67.07
1631850183,92.60,66.38,67.07
1631850243,92.60,66.38,67.07
1631850303,92.60,66.38,67.07
1631850363,92.50,66.38,67.07
1631850423,92.60,66.38,67.07
1631850483,92.70,66.38,67.07
1631850543,92.80,66.38,67.08
1631850603,92.60,66.38,67.07
1631850663,92.40,66.56,67.26
1631850723,92.70,66.56,67.27
1631850783,92.60,66.56,67.27
1631850843,92.50,66.56,67.26
1631850903,92.40,66.56,67.26
1631850963,92.50,66.38,67.07
1631851023,92.50,66.38,67.07
1631851083,92.70,66.38,67.07
1631851143,92.70,66.38,67.07
1631851203,92.70,66.38,67.07
1631851263,92.90,66.38,67.08
1631851323,92.80,66.38,67.08
1631851383,92.80,66.56,67.28
1631851443,92.70,66.38,67.07
1631851503,92.60,66.38,67.07
1631851563,92.70,66.38,67.07
1631851623,92.40,66.38,67.06
1631851683,92.50,66.56,67.26
1631851744,92.60,66.56,67.27
1631851804,92.80,66.56,67.28
1631851864,92.70,66.56,67.27
1631851924,92.80,66.56,67.28
1631851984,92.70,66.56,67.27
1631852044,92.80,66.56,67.28
1631852104,92.80,66.56,67.28
1631852164,92.90,66.56,67.28
1631852224,92.70,66.56,67.27
1631852284,92.70,66.56,67.27
1631852344,92.90,66.56,67.28
1631852404,92.80,66.56,67.28
1631852464,92.60,66.56,67.27
1631852524,92.70,66.56,67.27
1631852584,92.90,66.56,67.28
1631852644,92.90,66.56,67.28
1631852704,93.00,66.56,67.29
1631852764,92.90,66.56,67.28
1631852824,92.80,66.56,67.28
1631852884,92.80,66.56,67.28
1631852944,92.90,66.56,67.28
1631853004,92.90,66.56,67.28
1631853064,92.90,66.56,67.28
1631853124,92.70,66.56,67.27
1631853184,92.70,66.74,67.47
1631853244,92.90,66.74,67.48
1631853304,93.00,66.56,67.29
1631853364,92.90,66.56,67.28
1631853424,92.70,66.56,67.27
1631853485,93.00,66.56,67.29
1631853545,92.90,66.56,67.28
1631853605,92.90,66.74,67.48
1631853665,92.80,66.56,67.28
1631853725,92.70,66.74,67.47
1631853785,93.00,66.74,67.49
1631853845,93.00,66.74,67.49
1631853905,92.80,66.56,67.28
1631853965,93.00,66.74,67.49
1631854025,92.80,66.56,67.28
1631854085,92.80,66.74,67.48
1631854145,92.20,66.74,67.45
1631854205,92.80,66.74,67.48
1631854265,92.90,66.74,67.48
1631854325,92.90,66.74,67.48
1631854385,92.80,66.74,67.48
1631854445,92.60,66.74,67.47
1631854505,92.40,66.74,67.46
1631854565,92.40,66.74,67.46
1631854625,92.50,66.74,67.46
1631854685,91.90,66.74,67.43
1631854745,91.80,66.74,67.43
1631854805,91.70,66.74,67.42
1631854865,91.70,66.74,67.42
1631854925,91.70,66.74,67.42
1631854985,91.80,66.74,67.43
1631855045,92.70,66.74,67.47
1631855105,92.90,66.74,67.48
1631855166,93.10,66.74,67.49
1631855226,93.00,66.74,67.49
1631855286,92.90,66.56,67.28
1631855346,93.10,66.74,67.49
1631855406,92.90,66.74,67.48
1631855466,93.00,66.74,67.49
1631855526,93.10,66.56,67.29
1631855586,92.80,66.56,67.28
1631855646,92.30,66.74,67.45
1631855706,92.00,66.74,67.44
1631855766,92.00,66.74,67.44
1631855826,92.00,66.74,67.44
1631855886,92.10,66.74,67.44
1631855946,92.00,66.74,67.44
1631856006,92.00,66.74,67.44
1631856066,92.00,66.74,67.44
1631856126,92.80,66.74,67.48
1631856186,93.00,66.74,67.49
1631856246,92.80,66.74,67.48
1631856306,92.50,66.74,67.46
1631856366,92.00,66.74,67.44
1631856426,91.90,66.74,67.43
1631856486,91.80,66.74,67.43
1631856546,91.80,66.56,67.23
1631856606,91.90,66.56,67.24
1631856666,92.00,66.56,67.24
1631856726,92.00,66.56,67.24
1631856786,92.10,66.56,67.24
1631856846,92.00,66.56,67.24
1631856907,92.90,66.56,67.28
1631856967,92.80,66.74,67.48
1631857027,92.70,66.74,67.47
1631857087,91.90,66.74,67.43
1631857147,92.00,66.74,67.44
1631857207,92.00,66.56,67.24
1631857267,91.90,66.74,67.43
1631857327,91.90,66.56,67.24
1631857387,91.80,66.56,67.23
1631857447,91.70,66.56,67.23
1631857507,91.80,66.56,67.23
1631857567,91.80,66.56,67.23
1631857627,91.90,66.56,67.24
1631857687,91.90,66.56,67.24
1631857747,92.00,66.38,67.04
1631857807,92.00,66.38,67.04
1631857867,92.00,66.38,67.04
1631857927,91.80,66.38,67.03
1631857987,91.90,66.38,67.04
1631858047,92.00,66.38,67.04
1631858107,92.10,66.38,67.05
1631858167,92.00,66.38,67.04
1631858227,92.10,66.38,67.05
1631858287,92.00,66.38,67.04
1631858347,91.90,66.38,67.04
1631858407,92.00,66.38,67.04
1631858467,92.00,66.38,67.04
1631858527,92.00,66.38,67.04
1631858588,92.00,66.38,67.04
1631858648,92.00,66.38,67.04
1631858708,92.00,66.20,66.84
1631858768,92.20,66.20,66.85
1631858828,92.10,66.38,67.05
1631858888,91.90,66.20,66.84
1631858948,92.20,66.38,67.05
1631859008,92.10,66.20,66.85
1631859068,92.10,66.20,66.85
1631859128,92.00,66.20,66.84
1631859188,92.00,66.20,66.84
1631859248,92.00,66.20,66.84
1631859308,92.10,66.20,66.85
1631859368,92.20,66.20,66.85
1631859428,92.00,66.20,66.84
1631859488,92.10,66.20,66.85
1631859548,91.90,66.02,66.64
1631859608,92.40,66.02,66.66
1631859668,92.10,66.02,66.65
1631859728,92.10,66.02,66.65
1631859788,92.10,66.02,66.65
1631859848,92.10,66.02,66.65
1631859908,92.10,66.02,66.65
1631859968,92.00,66.02,66.65
1631860028,92.00,66.02,66.65
1631860088,91.90,66.02,66.64
1631860148,92.10,66.02,66.65
1631860208,92.10,66.02,66.65
1631860268,91.90,66.02,66.64
1631860329,92.20,66.02,66.66
1631860389,92.20,66.02,66.66
1631860449,92.00,66.02,66.65
1631860509,92.00,66.02,66.65
1631860569,92.10,66.02,66.65
1631860629,92.10,66.02,66.65
1631860689,92.10,66.02,66.65
1631860749,92.00,66.02,66.65
1631860809,92.00,66.02,66.65
1631860869,92.10,66.02,66.65
1631860929,92.00,66.02,66.65
1631860989,92.00,66.02,66.65
1631861049,91.90,66.02,66.64
1631861109,92.00,66.02,66.65
1631861169,91.90,66.02,66.64
1631861229,92.00,66.02,66.65
1631861289,92.00,66.02,66.65
1631861349,92.00,66.02,66.65
1631861409,91.90,66.02,66.64
1631861469,92.00,66.02,66.65
1631861529,92.00,66.02,66.65
1631861589,92.10,66.02,66.65
1631861649,92.20,66.02,66.66
1631861709,92.10,66.02,66.65
1631861769,91.90,66.02,66.64
1631861829,92.10,66.02,66.65
1631861889,92.10,66.02,66.65
1631861949,92.10,66.02,66.65
1631862009,92.00,66.02,66.65
1631862070,92.00,66.02,66.65
1631862130,92.20,66.02,66.66
1631862190,91.90,66.02,66.64
1631862250,92.10,66.02,66.65
1631862310,92.00,66.02,66.65
1631862370,92.10,66.02,66.65
1631862430,92.10,66.02,66.65
1631862490,92.00,66.02,66.65
1631862550,92.00,66.02,66.65
1631862610,92.00,66.02,66.65
1631862670,92.00,66.02,66.65
1631862730,92.00,66.02,66.65
1631862790,92.00,66.20,66.84
1631862850,91.90,66.20,66.84
1631862910,92.00,66.20,66.84
1631862970,92.10,66.20,66.85
1631863030,92.10,66.20,66.85
1631863090,92.10,66.20,66.85
1631863150,92.10,66.02,66.65
1631863210,92.10,66.20,66.85
1631863270,92.20,66.20,66.85
1631863330,92.20,66.20,66.85
1631863390,92.20,66.20,66.85
1631863450,92.20,66.02,66.66
1631863510,92.10,66.20,66.85
1631863570,92.00,66.20,66.84
1631863630,92.00,66.20,66.84
1631863690,92.10,66.20,66.85
1631863751,91.90,66.20,66.84
1631863811,91.90,66.20,66.84
1631863871,91.80,66.38,67.03
1631863931,91.70,66.38,67.03
1631863991,91.60,66.38,67.02
1631864051,91.60,66.38,67.02
1631864111,91.60,66.38,67.02
1631864171,91.70,66.38,67.03
1631864231,91.60,66.38,67.02
1631864291,91.50,66.56,67.22
1631864351,91.50,66.56,67.22
1631864411,91.60,66.56,67.22
1631864471,91.50,66.56,67.22
1631864531,91.40,66.56,67.21
1631864591,91.40,66.56,67.21
1631864651,91.50,66.56,67.22
1631864711,91.60,66.56,67.22
1631864771,91.40,66.56,67.21
1631864831,91.50,66.56,67.22
1631864891,91.40,66.74,67.41
1631864951,91.40,66.74,67.41
1631865011,91.40,66.74,67.41
1631865071,91.50,66.74,67.41
1631865131,91.50,66.74,67.41
1631865191,91.50,66.74,67.41
1631865251,91.40,66.92,67.61
1631865311,91.50,66.92,67.61
1631865371,91.40,66.92,67.61
1631865431,91.30,66.92,67.60
1631865492,91.30,66.92,67.60
1631865552,91.40,66.92,67.61
1631865612,91.30,66.92,67.60
1631865672,91.20,67.10,67.80
1631865732,90.90,67.10,67.78
1631865792,90.60,67.46,68.16
1631865852,90.50,67.46,68.16
1631865912,90.50,67.46,68.16
1631865972,90.50,67.46,68.16
1631866032,90.40,67.46,68.15
1631866092,90.50,67.46,68.16
1631866152,90.60,67.46,68.16
1631866212,90.70,67.46,68.17
1631866272,90.70,67.46,68.17
1631866332,90.80,67.46,68.17
1631866392,91.00,67.46,68.18
1631866452,91.10,67.28,67.99
1631866512,91.20,67.28,67.99
1631866572,91.30,67.46,68.20
1631866632,91.20,67.46,68.19
1631866692,91.30,67.46,68.20
1631866752,91.00,67.46,68.18
1631866812,90.90,67.64,68.38
1631866872,91.00,67.64,68.38
1631866932,91.00,67.64,68.38
1631866992,91.00,67.64,68.38
1631867052,91.00,67.64,68.38
1631867112,91.10,67.64,68.39
1631867172,91.00,67.64,68.38
1631867233,91.00,67.64,68.38
1631867293,91.00,67.64,68.38
1631867353,91.10,67.64,68.39
1631867413,91.00,67.64,68.38
1631867473,91.10,67.64,68.39
1631867533,91.20,67.64,68.39
1631867593,91.30,67.64,68.40
1631867653,91.30,67.64,68.40
1631867713,91.10,67.64,68.39
1631867773,91.30,67.64,68.40
1631867833,91.20,67.64,68.39
1631867893,91.40,67.64,68.40
1631867953,91.30,67.64,68.40
1631868013,91.40,67.64,68.40
1631868073,91.30,67.64,68.40
1631868133,91.30,67.64,68.40
1631868193,91.30,67.64,68.40
1631868253,91.20,67.82,68.59
1631868313,91.30,67.82,68.59
1631868373,91.40,67.82,68.60
1631868433,91.30,67.82,68.59
1631868493,91.10,67.82,68.58
1631868553,91.20,67.82,68.59
1631868613,91.10,67.82,68.58
1631868673,91.20,67.82,68.59
1631868733,91.20,68.00,68.79
1631868793,91.30,68.00,68.79
1631868853,91.30,68.00,68.79
1631868913,91.10,68.00,68.78
1631868974,91.20,68.18,68.98
1631869034,91.10,68.18,68.98
1631869094,91.10,68.18,68.98
1631869154,91.10,68.18,68.98
1631869214,91.10,68.36,69.18
1631869274,91.00,68.36,69.17
1631869334,90.80,68.36,69.16
1631869394,90.80,68.36,69.16
1631869454,90.80,68.54,69.36
1631869514,90.70,68.54,69.36
1631869574,90.60,68.54,69.35
1631869634,90.60,68.54,69.35
1631869694,90.60,68.54,69.35
1631869754,90.80,68.72,69.56
1631869814,90.60,68.72,69.55
1631869874,90.60,68.90,69.75
1631869934,90.90,68.90,69.76
1631869994,90.70,68.90,69.75
1631870054,90.80,68.90,69.76
1631870114,90.60,68.90,69.75
1631870174,90.70,68.90,69.75
1631870234,90.80,68.90,69.76
1631870294,90.70,68.90,69.75
1631870354,90.60,68.90,69.75
1631870414,90.70,68.90,69.75
1631870474,90.70,68.90,69.75
1631870534,90.70,68.90,69.75
1631870594,90.70,68.90,69.75
1631870654,90.80,68.90,69.76
1631870714,90.70,68.90,69.75
1631870775,90.70,68.90,69.75
1631870835,90.70,68.90,69.75
1631870895,90.80,68.90,69.76
1631870955,90.70,68.90,69.75
1631871015,90.60,69.08,69.95
1631871075,90.70,69.08,69.95
1631871135,90.60,69.08,69.95
1631871195,90.60,69.26,70.14
1631871255,90.40,69.26,70.13
1631871315,90.40,69.26,70.13
1631871375,90.30,69.26,70.13
1631871435,90.40,69.26,70.13
1631871495,90.50,69.44,70.34
1631871555,90.30,69.44,70.33
1631871615,90.30,69.44,70.33
1631871675,90.30,69.44,70.33
1631871735,90.30,69.44,70.33
1631871795,90.40,69.44,70.33
1631871855,90.20,69.62,70.52
1631871915,90.10,69.62,70.52
1631871975,90.00,69.62,70.51
1631872035,90.00,69.62,70.51
1631872095,90.00,69.62,70.51
1631872155,90.10,69.62,70.52
1631872215,90.10,69.62,70.52
1631872275,90.20,69.62,70.52
1631872335,90.30,69.62,70.53
1631872395,90.20,69.62,70.52
1631872455,90.20,69.80,70.72
1631872516,90.10,69.62,70.52
1631872576,90.20,69.80,70.72
1631872636,90.00,69.62,70.51
1631872696,90.20,69.62,70.52
1631872756,90.20,69.80,70.72
1631872816,90.00,69.80,70.71
1631872876,90.00,69.80,70.71
1631872936,90.00,69.80,70.71
1631872996,90.20,69.80,70.72
1631873056,90.20,69.80,70.72
1631873116,90.10,69.80,70.71
1631873176,90.10,69.80,70.71
1631873236,90.00,69.80,70.71
1631873296,90.20,69.80,70.72
1631873356,90.00,69.80,70.71
1631873416,90.00,69.98,70.91
1631873476,89.90,69.98,70.90
1631873536,89.80,69.98,70.90
1631873596,89.80,69.98,70.90
1631873656,89.90,69.98,70.90
1631873716,90.00,69.98,70.91
1631873776,89.80,69.98,70.90
1631873836,90.00,69.80,70.71
1631873896,90.00,69.98,70.91
1631873956,90.00,69.98,70.91
1631874016,89.90,69.98,70.90
1631874076,89.80,69.98,70.90
1631874136,89.80,69.98,70.90
1631874196,89.90,69.98,70.90
1631874257,89.90,69.98,70.90
1631874317,90.00,69.98,70.91
1631874377,89.90,69.98,70.90
1631874437,90.00,69.98,70.91
1631874497,90.00,69.98,70.91
1631874557,90.00,69.98,70.91
1631874617,90.10,69.98,70.91
1631874677,90.00,70.16,71.11
1631874737,90.10,69.98,70.91
1631874797,90.20,69.98,70.92
1631874857,90.10,70.16,71.11
1631874917,90.10,70.16,71.11
1631874977,89.70,70.16,71.09
1631875037,89.60,70.16,71.09
1631875097,89.80,70.16,71.10
1631875157,89.90,70.16,71.10
1631875217,89.70,70.16,71.09
1631875277,89.60,70.34,71.29
1631875337,89.70,70.34,71.29
1631875397,89.60,70.34,71.29
1631875457,89.60,70.34,71.29
1631875517,89.70,70.34,71.29
1631875577,89.60,70.34,71.29
1631875637,89.50,70.52,71.48
1631875697,89.50,70.52,71.48
1631875757,89.50,70.52,71.48
1631875817,89.50,70.52,71.48
1631875877,89.60,70.52,71.48
1631875937,89.50,70.70,71.68
1631875998,89.50,70.70,71.68
1631876058,89.40,70.70,71.67
1631876118,89.40,70.70,71.67
1631876178,89.20,70.70,71.66
1631876238,89.30,70.70,71.67
1631876298,89.20,70.70,71.66
1631876358,89.30,70.70,71.67
1631876418,89.40,70.70,71.67
1631876478,89.50,70.70,71.68
1631876538,89.50,70.70,71.68
1631876598,89.40,70.70,71.67
1631876658,89.40,70.70,71.67
1631876718,89.30,70.70,71.67
1631876778,89.50,70.70,71.68
1631876838,89.30,70.52,71.47
1631876898,89.60,70.52,71.48
1631876958,89.60,70.52,71.48
1631877018,89.50,70.52,71.48
1631877078,89.50,70.52,71.48
1631877138,89.60,70.52,71.48
1631877198,89.40,70.52,71.47
1631877258,89.50,70.52,71.48
1631877318,89.60,70.52,71.48
1631877378,89.30,70.52,71.47
1631877438,89.50,70.52,71.48
1631877498,89.50,70.52,71.48
1631877558,89.50,70.52,71.48
1631877618,89.50,70.52,71.48
1631877678,89.40,70.52,71.47
1631877739,89.50,70.52,71.48
1631877799,89.60,70.52,71.48
1631877859,89.50,70.52,71.48
1631877919,89.40,70.52,71.47
1631877979,89.30,70.52,71.47
1631878039,89.50,70.52,71.48
1631878099,89.60,70.52,71.48
1631878159,89.30,70.52,71.47
1631878219,89.50,70.52,71.48
1631878279,89.50,70.52,71.48
1631878339,89.60,70.52,71.48
1631878399,89.50,70.52,71.48
1631878459,89.50,70.52,71.48
1631878519,89.50,70.52,71.48
1631878579,89.30,70.70,71.67
1631878639,89.20,70.70,71.66
1631878699,89.20,70.70,71.66
1631878759,89.20,70.70,71.66
1631878819,89.20,70.88,71.86
1631878879,89.20,70.88,71.86
1631878939,89.20,70.88,71.86
1631878999,89.00,70.88,71.85
1631879059,89.10,70.88,71.86
1631879119,89.50,70.88,71.87
1631879179,89.40,70.88,71.87
1631879239,89.40,71.06,72.07
1631879299,89.80,71.06,72.09
1631879359,89.60,71.06,72.08
1631879419,89.60,71.06,72.08
1631879479,89.70,71.06,72.08
1631879540,89.30,71.06,72.06
1631879600,89.00,71.24,72.25
1631879660,88.70,71.24,72.23
1631879720,88.90,71.42,72.44
1631879780,88.60,71.42,72.43
1631879840,88.40,71.42,72.42
1631879900,88.40,71.42,72.42
1631879960,88.50,71.42,72.42
1631880020,88.40,71.42,72.42
1631880080,88.40,71.60,72.61
1631880140,88.10,71.60,72.60
1631880200,88.20,71.60,72.61
1631880260,88.20,71.60,72.61
1631880320,88.10,71.60,72.60
1631880380,87.80,71.60,72.59
1631880440,87.90,71.78,72.79
1631880500,87.90,71.78,72.79
1631880560,87.90,71.78,72.79
1631880620,88.10,71.78,72.80
1631880680,87.90,71.96,72.99
1631880740,87.90,71.96,72.99
1631880800,88.00,71.96,72.99
1631880860,88.00,71.96,72.99
1631880920,87.90,71.96,72.99
1631880980,87.60,71.96,72.97
1631881040,87.70,72.14,73.18
1631881100,87.40,72.14,73.16
1631881160,87.10,72.14,73.15
1631881220,87.50,72.14,73.17
1631881281,87.60,72.14,73.17
1631881341,87.60,72.14,73.17
1631881401,87.70,72.14,73.18
1631881461,88.30,72.14,73.20
1631881521,88.40,72.14,73.21
1631881581,88.00,72.14,73.19
1631881641,87.90,72.14,73.19
1631881701,87.60,72.14,73.17
1631881761,87.40,72.32,73.36
1631881821,87.30,72.32,73.36
1631881881,87.00,72.32,73.34
1631881941,87.20,72.32,73.35
1631882001,87.00,72.50,73.54
1631882061,87.30,72.50,73.55
1631882121,87.30,72.50,73.55
1631882181,87.30,72.50,73.55
1631882241,87.30,72.50,73.55
1631882301,87.60,72.50,73.57
1631882361,87.40,72.50,73.56
1631882421,87.50,72.50,73.56
1631882481,87.50,72.50,73.56
1631882541,87.60,72.50,73.57
1631882601,87.80,72.50,73.58
1631882661,87.90,72.50,73.58
1631882721,87.60,72.50,73.57
1631882781,87.30,72.50,73.55
1631882841,87.40,72.50,73.56
1631882901,87.50,72.50,73.56
1631882961,87.60,72.50,73.57
1631883021,87.50,72.32,73.36
1631883082,88.00,72.32,73.39
1631883142,87.90,72.32,73.38
1631883202,87.80,72.32,73.38
1631883262,87.70,72.50,73.57
1631883322,87.80,72.50,73.58
1631883382,87.60,72.50,73.57
1631883442,87.90,72.50,73.58
1631883502,88.10,72.50,73.59
1631883562,87.90,72.68,73.78
1631883622,88.00,72.68,73.78
1631883682,87.70,72.68,73.77
1631883742,87.40,72.68,73.76
1631883802,87.50,72.86,73.96
1631883862,87.50,72.86,73.96
1631883922,87.30,72.86,73.95
1631883982,87.00,72.86,73.93
1631884042,87.00,72.86,73.93
1631884102,87.20,72.86,73.94
1631884162,87.50,72.86,73.96
1631884222,87.70,72.86,73.97
1631884282,87.70,72.86,73.97
1631884342,87.80,72.68,73.77
1631884402,87.90,72.68,73.78
1631884462,87.60,72.68,73.77
1631884522,87.40,72.68,73.76
1631884582,87.40,72.68,73.76
1631884642,87.30,72.86,73.95
1631884702,87.30,72.86,73.95
1631884762,87.00,72.86,73.93
1631884823,87.20,72.86,73.94
1631884883,87.20,72.86,73.94
1631884943,87.20,72.86,73.94
1631885003,87.20,72.86,73.94
1631885063,87.20,72.86,73.94
1631885123,87.50,72.86,73.96
1631885183,87.80,72.86,73.97
1631885243,88.00,72.86,73.98
1631885303,87.60,72.86,73.96
1631885363,87.60,72.86,73.96
1631885423,87.40,72.86,73.95
1631885483,87.50,72.86,73.96
1631885543,87.50,72.86,73.96
1631885603,87.80,72.86,73.97
1631885663,87.70,72.86,73.97
1631885723,87.60,72.86,73.96
1631885783,87.50,72.86,73.96
1631885843,87.40,72.86,73.95
1631885903,87.40,72.86,73.95
1631885963,87.20,72.86,73.94
1631886023,87.30,72.86,73.95
1631886083,87.30,72.86,73.95
1631886143,87.20,72.86,73.94
1631886203,87.40,72.86,73.95
1631886263,87.60,72.86,73.96
1631886323,87.50,72.86,73.96
1631886383,87.10,72.86,73.94
1631886443,87.10,72.86,73.94
1631886503,87.30,72.86,73.95
1631886563,86.90,73.04,74.13
1631886624,87.00,73.04,74.13
1631886684,87.00,73.04,74.13
1631886744,86.80,73.04,74.12
1631886804,87.10,73.04,74.14
1631886864,87.00,73.04,74.13
1631886924,87.10,73.04,74.14
1631886984,87.30,73.04,74.15
1631887044,87.20,73.04,74.14
1631887104,87.10,73.04,74.14
1631887164,87.10,73.22,74.34
1631887224,87.10,73.22,74.34
1631887284,87.10,73.22,74.34
1631887344,87.20,73.22,74.34
1631887404,87.20,73.22,74.34
1631887464,87.40,73.22,74.35
1631887524,87.30,73.22,74.35
1631887584,87.10,73.22,74.34
1631887644,86.70,73.22,74.32
1631887704,86.70,73.40,74.51
1631887764,86.60,73.40,74.51
1631887824,86.70,73.40,74.51
1631887884,86.60,73.40,74.51
1631887944,86.70,73.40,74.51
1631888004,86.70,73.40,74.51
1631888064,86.40,73.40,74.50
1631888124,86.20,73.58,74.69
1631888184,86.40,73.58,74.70
1631888244,86.60,73.58,74.71
1631888304,86.00,73.58,74.68
1631888364,85.80,73.76,74.87
1631888425,85.70,73.76,74.86
1631888485,85.80,73.76,74.87
1631888545,85.70,73.76,74.86
1631888605,85.70,73.94,75.06
1631888665,85.70,73.94,75.06
1631888725,85.80,73.94,75.07
1631888785,85.90,73.94,75.07
1631888845,85.60,73.94,75.06
1631888905,85.60,73.94,75.06
1631888965,85.80,73.94,75.07
1631889025,85.40,73.94,75.05
1631889085,85.30,73.94,75.04
1631889145,85.40,73.94,75.05
1631889205,85.40,73.94,75.05
1631889265,85.80,73.94,75.07
1631889325,85.50,73.94,75.05
1631889385,85.60,73.94,75.06
1631889445,85.50,73.94,75.05
1631889505,85.60,73.94,75.06
1631889565,85.70,73.94,75.06
1631889625,86.00,73.94,75.08
1631889685,85.80,73.94,75.07
1631889745,85.80,73.94,75.07
1631889805,85.70,73.94,75.06
1631889865,85.60,73.94,75.06
1631889925,85.70,74.12,75.26
1631889985,85.60,74.12,75.26
1631890045,85.20,74.30,75.43
1631890105,85.20,74.30,75.43
1631890165,85.30,74.48,75.64
1631890226,85.10,74.48,75.63
1631890286,85.40,74.48,75.64
1631890346,85.60,74.48,75.65
1631890406,85.30,74.48,75.64
1631890466,85.30,74.48,75.64
1631890526,85.20,74.48,75.63
1631890586,85.20,74.48,75.63
1631890646,85.10,74.30,75.43
1631890706,85.30,74.30,75.44
1631890766,85.20,74.30,75.43
1631890826,85.20,74.30,75.43
1631890886,85.10,74.30,75.43
1631890946,85.20,74.30,75.43
1631891006,85.10,74.30,75.43
1631891066,85.40,74.30,75.44
1631891126,85.30,74.12,75.24
1631891186,85.70,74.12,75.26
1631891246,85.70,74.12,75.26
1631891306,85.70,74.12,75.26
1631891366,85.80,74.12,75.26
1631891426,85.80,74.12,75.26
1631891486,85.80,74.12,75.26
1631891546,85.80,74.12,75.26
1631891606,85.90,73.94,75.07
1631891666,86.10,73.94,75.08
1631891726,86.00,73.94,75.08
1631891786,86.00,73.94,75.08
1631891846,86.20,73.94,75.09
1631891906,86.40,73.94,75.09
1631891966,85.90,73.94,75.07
1631892027,85.90,73.94,75.07
1631892087,85.90,73.94,75.07
1631892147,85.70,73.76,74.86
1631892207,85.70,73.76,74.86
1631892267,85.70,73.76,74.86
1631892327,85.90,73.76,74.87
1631892387,85.90,73.76,74.87
1631892447,86.20,73.76,74.89
1631892507,86.20,73.76,74.89
1631892567,86.10,73.76,74.88
1631892627,86.00,73.76,74.88
1631892687,86.00,73.76,74.88
1631892747,86.10,73.76,74.88
1631892807,86.00,73.76,74.88
1631892867,86.10,73.76,74.88
1631892927,85.80,73.76,74.87
1631892987,85.80,73.76,74.87
1631893047,85.80,73.76,74.87
1631893107,86.10,73.76,74.88
1631893167,86.00,73.76,74.88
1631893227,85.90,73.58,74.68
1631893287,85.90,73.58,74.68
1631893347,85.80,73.58,74.67
1631893407,86.00,73.58,74.68
1631893467,86.00,73.58,74.68
1631893527,86.00,73.58,74.68
1631893587,86.20,73.58,74.69
1631893647,86.10,73.58,74.68
1631893707,86.10,73.58,74.68
1631893767,86.10,73.40,74.49
1631893828,86.10,73.40,74.49
1631893888,86.20,73.40,74.49
1631893948,86.30,73.40,74.50
1631894008,86.20,73.40,74.49
1631894068,86.10,73.40,74.49
1631894128,86.10,73.40,74.49
1631894188,86.10,73.40,74.49
1631894248,86.20,73.40,74.49
1631894308,86.10,73.22,74.29
1631894368,86.10,73.22,74.29
1631894428,86.20,73.22,74.29
1631894488,86.20,73.22,74.29
1631894548,86.20,73.22,74.29
1631894608,86.30,73.22,74.30
1631894668,86.10,73.40,74.49
1631894728,86.10,73.40,74.49
1631894788,86.20,73.40,74.49
1631894848,85.90,73.58,74.68
1631894908,85.80,73.58,74.67
1631894968,85.90,73.40,74.48
1631895028,85.80,73.58,74.67
1631895088,85.90,73.58,74.68
1631895148,85.80,73.58,74.67
1631895208,85.90,73.58,74.68
1631895268,85.80,73.58,74.67
1631895328,85.70,73.58,74.67
1631895388,85.60,73.58,74.66
1631895448,85.60,73.76,74.86
1631895508,85.60,73.58,74.66
1631895568,85.80,73.58,74.67
1631895629,85.80,73.58,74.67
1631895689,85.90,73.58,74.68
1631895749,86.00,73.40,74.48
1631895809,86.10,73.40,74.49
1631895869,86.20,73.40,74.49
1631895929,86.70,73.40,74.51
1631895989,86.50,73.22,74.31
1631896049,86.40,73.22,74.30
1631896109,86.40,73.22,74.30
1631896169,86.40,73.04,74.10
1631896229,86.70,73.04,74.12
1631896289,86.90,72.86,73.93
1631896349,86.90,72.86,73.93
1631896409,87.00,72.86,73.93
1631896469,87.20,72.68,73.75
1631896529,87.20,72.68,73.75
1631896589,87.20,72.68,73.75
1631896649,87.50,72.68,73.76
1631896709,87.50,72.50,73.56
1631896769,87.60,72.50,73.57
1631896829,87.60,72.50,73.57
1631896889,87.60,72.50,73.57
1631896949,87.50,72.50,73.56
1631897009,87.50,72.50,73.56
1631897069,87.50,72.50,73.56
1631897129,87.40,72.50,73.56
1631897189,87.50,72.50,73.56
1631897249,87.60,72.50,73.57
1631897309,87.50,72.50,73.56
1631897369,87.30,72.50,73.55
1631897430,87.60,72.50,73.57
1631897490,87.70,72.50,73.57
1631897550,87.70,72.50,73.57
1631897610,87.70,72.50,73.57
1631897670,87.90,72.50,73.58
1631897730,87.70,72.50,73.57
1631897790,87.80,72.50,73.58
1631897850,87.90,72.32,73.38
1631897910,87.80,72.32,73.38
1631897970,87.90,72.32,73.38
1631898030,88.00,72.32,73.39
1631898090,87.90,72.14,73.19
1631898150,88.10,72.14,73.19
1631898210,88.20,72.14,73.20
1631898270,88.30,72.14,73.20
1631898330,88.30,72.14,73.20
1631898390,88.30,72.14,73.20
1631898450,88.40,72.14,73.21
1631898510,88.30,72.14,73.20
1631898570,88.30,71.96,73.01
1631898630,88.30,71.96,73.01
1631898690,88.40,71.96,73.01
1631898750,88.40,71.96,73.01
1631898810,88.50,71.96,73.02
1631898870,88.50,71.96,73.02
1631898930,88.40,71.96,73.01
1631898990,88.40,71.78,72.81
1631899050,88.30,71.78,72.81
1631899110,88.30,71.78,72.81
1631899171,88.40,71.60,72.61
1631899231,88.60,71.60,72.62
1631899291,88.40,71.60,72.61
1631899351,88.60,71.60,72.62
1631899411,88.90,71.42,72.44
1631899471,88.90,71.42,72.44
1631899531,88.90,71.42,72.44
1631899591,88.90,71.42,72.44
1631899651,89.00,71.42,72.44
1631899711,88.90,71.42,72.44
1631899771,88.90,71.42,72.44
1631899831,88.80,71.24,72.24
1631899891,88.90,71.24,72.24
1631899951,88.90,71.24,72.24
1631900011,88.90,71.24,72.24
1631900071,89.00,71.24,72.25
1631900131,89.10,71.24,72.25
1631900191,89.30,71.06,72.06
1631900251,89.10,71.06,72.05
1631900311,89.10,71.06,72.05
1631900371,89.10,71.06,72.05
1631900431,89.00,71.06,72.05
1631900491,89.30,71.06,72.06
1631900551,89.30,71.06,72.06
1631900611,89.40,71.06,72.07
1631900671,89.50,70.88,71.87
1631900731,89.60,70.88,71.88
1631900791,89.60,70.88,71.88
1631900851,89.70,70.88,71.88
1631900911,89.70,70.88,71.88
1631900972,89.70,70.88,71.88
1631901032,89.70,70.88,71.88
1631901092,89.80,70.88,71.89
1631901152,89.80,70.88,71.89
1631901212,89.70,70.88,71.88
1631901272,89.70,70.88,71.88
1631901332,89.80,70.70,71.69
1631901392,89.80,70.70,71.69
1631901452,89.70,70.70,71.69
1631901512,89.50,70.70,71.68
1631901572,89.70,70.70,71.69
1631901632,89.70,70.52,71.49
1631901692,89.50,70.52,71.48
1631901752,89.50,70.52,71.48
1631901812,89.50,70.34,71.28
1631901872,89.60,70.34,71.29
1631901932,89.70,70.34,71.29
1631901992,89.60,70.34,71.29
1631902052,89.60,70.34,71.29
1631902112,89.70,70.34,71.29
1631902172,89.80,70.16,71.10
1631902232,89.70,70.16,71.09
1631902292,89.80,70.16,71.10
1631902352,89.90,70.16,71.10
1631902412,89.90,70.16,71.10
1631902472,89.90,70.16,71.10
1631902532,89.80,70.16,71.10
1631902592,89.80,70.16,71.10
1631902652,89.90,70.16,71.10
1631902712,90.00,70.16,71.11
1631902773,89.90,69.98,70.90
1631902833,89.90,69.98,70.90
1631902893,90.00,69.98,70.91
1631902953,90.00,69.98,70.91
1631903013,90.00,69.98,70.91
1631903073,90.10,69.80,70.71
1631903133,90.20,69.80,70.72
1631903193,90.30,69.80,70.72
1631903253,90.20,69.80,70.72
1631903313,90.20,69.80,70.72
1631903373,90.40,69.80,70.73
1631903433,90.30,69.80,70.72
1631903493,90.40,69.80,70.73
1631903553,90.40,69.62,70.53
1631903613,90.50,69.62,70.54
1631903673,90.40,69.62,70.53
1631903733,90.60,69.62,70.54
1631903793,90.60,69.62,70.54
1631903853,90.70,69.44,70.35
1631903913,90.70,69.62,70.54
1631903973,90.50,69.44,70.34
1631904033,90.60,69.62,70.54
1631904093,90.60,69.44,70.34
1631904153,90.70,69.44,70.35
1631904213,90.90,69.44,70.36
1631904273,90.70,69.44,70.35
1631904333,90.80,69.44,70.35
1631904393,90.80,69.44,70.35
1631904453,90.90,69.26,70.16
1631904513,91.00,69.26,70.16
1631904574,91.20,69.26,70.17
1631904634,91.00,69.26,70.16
1631904694,91.00,69.26,70.16
1631904754,91.10,69.26,70.17
1631904814,90.90,69.26,70.16
1631904874,90.90,69.26,70.16
1631904934,91.00,69.08,69.97
1631904994,91.10,69.08,69.97
1631905054,91.40,69.08,69.98
1631905114,91.30,69.08,69.98
1631905174,91.30,69.08,69.98
1631905234,91.30,69.08,69.98
1631905294,91.30,69.08,69.98
1631905354,91.20,69.08,69.97
1631905414,91.40,69.08,69.98
1631905474,91.30,69.08,69.98
1631905534,91.30,69.08,69.98
1631905594,91.40,69.08,69.98
1631905654,91.30,69.08,69.98
1631905714,91.20,69.08,69.97
1631905774,91.10,69.08,69.97
1631905834,91.40,68.90,69.79
1631905894,91.30,68.90,69.78
1631905954,91.20,68.90,69.78
1631906014,91.20,68.90,69.78
1631906074,91.30,68.90,69.78
1631906134,91.30,68.90,69.78
1631906194,91.40,68.90,69.79
1631906254,91.40,68.90,69.79
1631906314,91.40,68.72,69.59
1631906375,91.40,68.72,69.59
1631906435,91.40,68.72,69.59
1631906495,91.40,68.72,69.59
1631906555,91.50,68.72,69.59
1631906615,91.40,68.72,69.59
1631906675,91.40,68.72,69.59
1631906735,91.50,68.72,69.59
1631906795,91.50,68.72,69.59
1631906855,91.50,68.72,69.59
1631906915,91.60,68.54,69.40
1631906975,91.60,68.54,69.40
1631907035,91.40,68.54,69.39
1631907095,91.60,68.54,69.40
1631907155,91.50,68.54,69.39
1631907215,91.70,68.54,69.40
1631907275,91.50,68.54,69.39
1631907335,91.50,68.54,69.39
1631907395,91.60,68.54,69.40
1631907455,91.70,68.54,69.40
1631907515,91.70,68.54,69.40
1631907575,91.80,68.54,69.41
1631907635,91.70,68.54,69.40
1631907695,91.70,68.54,69.40
1631907755,91.60,68.54,69.40
1631907815,91.60,68.54,69.40
1631907875,91.60,68.54,69.40
1631907935,91.70,68.54,69.40
1631907995,91.70,68.54,69.40
1631908055,91.60,68.54,69.40
1631908115,91.60,68.54,69.40
1631908176,91.60,68.54,69.40
1631908236,91.60,68.54,69.40
1631908296,91.60,68.36,69.20
1631908356,91.60,68.36,69.20
1631908416,91.60,68.36,69.20
1631908476,91.80,68.36,69.21
1631908536,91.90,68.36,69.22
1631908596,91.90,68.36,69.22
1631908656,91.90,68.36,69.22
1631908716,91.80,68.36,69.21
1631908776,91.80,68.36,69.21
1631908836,91.80,68.36,69.21
1631908896,91.80,68.36,69.21
1631908956,91.90,68.36,69.22
1631909016,92.00,68.36,69.22
1631909076,92.00,68.36,69.22
1631909136,92.10,68.36,69.22
1631909196,92.10,68.36,69.22
1631909256,92.10,68.36,69.22
1631909316,91.90,68.36,69.22
1631909376,91.90,68.36,69.22
1631909436,92.00,68.36,69.22
1631909496,92.00,68.36,69.22
1631909556,91.90,68.36,69.22
1631909616,91.90,68.36,69.22
1631909676,91.90,68.18,69.02
1631909736,91.90,68.18,69.02
1631909796,92.00,68.18,69.02
1631909856,92.00,68.18,69.02
1631909916,92.00,68.18,69.02
1631909977,92.00,68.18,69.02
1631910037,92.10,68.18,69.03
1631910097,92.00,68.18,69.02
1631910157,92.00,68.18,69.02
1631910217,92.10,68.18,69.03
1631910277,92.20,68.18,69.03
1631910337,92.10,68.18,69.03
1631910397,92.10,68.18,69.03
1631910457,92.10,68.18,69.03
1631910517,92.10,68.18,69.03
1631910577,92.20,68.18,69.03
1631910637,92.20,68.18,69.03
1631910697,92.10,68.18,69.03
1631910757,92.00,68.18,69.02
1631910817,92.10,68.00,68.83
1631910877,92.10,68.00,68.83
1631910937,92.30,68.00,68.84
1631910997,92.20,68.00,68.83
1631911057,92.30,68.00,68.84
1631911117,92.20,68.18,69.03
1631911177,92.20,68.00,68.83
1631911237,92.20,68.00,68.83
1631911297,92.30,68.00,68.84
1631911357,92.40,68.00,68.84
1631911417,92.30,68.00,68.84
1631911477,92.40,68.00,68.84
1631911537,92.30,68.00,68.84
1631911597,92.20,68.00,68.83
1631911657,92.30,68.00,68.84
1631911717,92.20,68.00,68.83
1631911778,92.30,68.00,68.84
1631911838,92.30,68.00,68.84
1631911898,92.30,68.00,68.84
1631911958,92.20,68.00,68.83
1631912018,92.20,68.00,68.83
1631912078,92.20,68.00,68.83
1631912138,92.20,68.00,68.83
1631912198,92.20,68.00,68.83
1631912258,92.30,68.00,68.84
1631912318,92.30,68.00,68.84
1631912378,92.40,68.00,68.84
1631912438,92.40,68.00,68.84
1631912498,92.30,67.82,68.64
1631912558,92.30,67.82,68.64
1631912618,92.40,67.82,68.64
1631912678,92.30,67.82,68.64
1631912738,92.50,67.82,68.65
1631912798,92.50,67.82,68.65
1631912858,92.50,67.82,68.65
1631912918,92.50,67.82,68.65
1631912978,92.50,67.82,68.65
1631913038,92.50,67.82,68.65
1631913098,92.50,67.82,68.65
1631913158,92.50,67.82,68.65
1631913218,92.50,67.82,68.65
1631913278,92.60,67.82,68.65
1631913338,92.60,67.82,68.65
1631913398,92.60,67.82,68.65
1631913458,92.60,67.82,68.65
1631913519,92.60,67.82,68.65
1631913579,92.60,67.82,68.65
1631913639,92.60,67.82,68.65
1631913699,92.80,67.82,68.66
1631913759,92.70,67.82,68.66
1631913819,92.60,67.82,68.65
1631913879,92.60,67.82,68.65
1631913939,92.60,67.82,68.65
1631913999,92.60,67.82,68.65
1631914059,92.50,67.82,68.65
1631914119,92.60,67.64,68.46
1631914179,92.60,67.82,68.65
1631914239,92.60,67.64,68.46
1631914299,92.60,67.64,68.46
1631914359,92.60,67.82,68.65
1631914419,92.70,67.64,68.46
1631914479,92.70,67.64,68.46
1631914539,92.60,67.64,68.46
1631914599,92.60,67.64,68.46
1631914659,92.70,67.64,68.46
1631914719,92.80,67.64,68.47
1631914779,92.70,67.64,68.46
1631914839,92.60,67.64,68.46
1631914899,92.70,67.64,68.46
1631914959,92.70,67.64,68.46
1631915019,92.80,67.82,68.66
1631915079,92.70,67.82,68.66
1631915139,92.70,67.64,68.46
1631915199,92.80,67.64,68.47
1631915259,92.80,67.64,68.47
1631915320,92.90,67.64,68.47
1631915380,92.90,67.64,68.47
1631915440,92.80,67.64,68.47
1631915500,92.80,67.64,68.47
1631915560,93.00,67.64,68.47
1631915620,93.00,67.64,68.47
1631915680,92.90,67.64,68.47
1631915740,92.90,67.64,68.47
1631915800,92.90,67.64,68.47
1631915860,92.90,67.64,68.47
1631915920,92.90,67.64,68.47
1631915980,93.00,67.64,68.47
1631916040,92.90,67.64,68.47
1631916100,93.10,67.64,68.48
1631916160,92.80,67.64,68.47
1631916220,92.90,67.64,68.47
1631916280,92.80,67.64,68.47
1631916340,92.80,67.64,68.47
1631916400,92.80,67.64,68.47
1631916460,92.80,67.64,68.47
1631916520,92.90,67.64,68.47
1631916580,92.90,67.64,68.47
1631916640,92.80,67.64,68.47
1631916700,92.70,67.64,68.46
1631916760,92.80,67.64,68.47
1631916820,92.80,67.64,68.47
1631916880,92.90,67.64,68.47
1631916940,92.70,67.64,68.46
1631917000,92.70,67.64,68.46
1631917060,92.70,67.64,68.46
1631917121,92.80,67.64,68.47
1631917181,92.70,67.64,68.46
1631917241,92.80,67.64,68.47
1631917301,92.80,67.64,68.47
1631917361,92.80,67.64,68.47
1631917421,92.80,67.64,68.47
1631917481,92.90,67.64,68.47
1631917541,92.80,67.64,68.47
1631917601,92.80,67.64,68.47
1631917661,92.80,67.64,68.47
1631917721,92.80,67.64,68.47
1631917781,92.80,67.64,68.47
1631917841,92.90,67.64,68.47
1631917901,92.80,67.64,68.47
1631917961,92.70,67.64,68.46
1631918021,92.70,67.64,68.46
1631918081,92.70,67.64,68.46
1631918141,92.70,67.64,68.46
1631918201,93.20,67.64,68.48
1631918261,93.60,67.64,68.50
1631918321,93.50,67.64,68.50
1631918381,93.00,67.64,68.47
1631918441,92.90,67.64,68.47
1631918501,92.90,67.64,68.47
1631918561,92.90,67.64,68.47
1631918621,92.90,67.64,68.47
1631918681,93.20,67.64,68.48
1631918741,93.60,67.64,68.50
1631918801,93.70,67.64,68.51
1631918861,93.30,67.64,68.49
1631918922,92.90,67.64,68.47
1631918982,92.90,67.64,68.47
1631919042,93.00,67.64,68.47
1631919102,93.00,67.64,68.47
1631919162,93.00,67.64,68.47
1631919222,92.90,67.64,68.47
1631919282,92.90,67.64,68.47
1631919342,92.90,67.64,68.47
1631919402,92.90,67.64,68.47
1631919462,92.90,67.64,68.47
1631919522,92.90,67.64,68.47
1631919582,92.90,67.64,68.47
1631919642,92.90,67.64,68.47
1631919702,93.10,67.64,68.48
1631919762,93.10,67.64,68.48
1631919822,93.10,67.64,68.48
1631919882,93.10,67.64,68.48
1631919942,93.00,67.64,68.47
1631920002,93.20,67.64,68.48
1631920062,93.10,67.64,68.48
1631920122,93.10,67.64,68.48
1631920182,93.10,67.64,68.48
1631920242,92.90,67.64,68.47
1631920302,92.90,67.64,68.47
1631920362,93.00,67.64,68.47
1631920422,93.00,67.64,68.47
1631920482,93.00,67.64,68.47
1631920542,93.30,67.64,68.49
1631920602,93.50,67.64,68.50
1631920662,93.30,67.64,68.49
1631920723,93.30,67.64,68.49
1631920783,93.70,67.64,68.51
1631920843,93.90,67.46,68.32
1631920903,93.90,67.46,68.32
1631920963,94.00,67.46,68.32
1631921023,94.00,67.46,68.32
1631921083,94.00,67.46,68.32
1631921143,93.90,67.46,68.32
1631921203,93.90,67.46,68.32
1631921263,94.00,67.46,68.32
1631921323,94.00,67.46,68.32
1631921383,94.10,67.46,68.33
1631921443,94.10,67.46,68.33
1631921503,94.00,67.46,68.32
1631921563,93.80,67.64,68.51
1631921623,93.60,67.64,68.50
1631921683,93.40,67.64,68.49
1631921743,93.30,67.64,68.49
1631921803,93.30,67.46,68.29
1631921863,93.30,67.46,68.29
1631921923,93.40,67.46,68.30
1631921983,93.60,67.46,68.31
1631922043,93.40,67.46,68.30
1631922103,93.40,67.46,68.30
1631922163,93.40,67.46,68.30
1631922223,94.00,67.46,68.32
1631922283,94.10,67.46,68.33
1631922343,94.20,67.46,68.33
1631922403,94.10,67.46,68.33
1631922463,94.20,67.46,68.33
1631922524,94.30,67.46,68.34
1631922584,94.40,67.46,68.34
1631922644,94.40,67.46,68.34
1631922704,94.20,67.46,68.33
1631922764,93.80,67.46,68.31
1631922824,93.50,67.46,68.30
1631922884,93.50,67.46,68.30
1631922944,93.40,67.46,68.30
1631923004,93.40,67.46,68.30
1631923064,93.40,67.46,68.30
1631923124,93.50,67.46,68.30
