1631664016,85.00,68.18,68.69
1631664076,85.50,68.18,68.72
1631664136,84.90,68.18,68.69
1631664196,85.20,68.18,68.70
1631664256,85.10,68.18,68.70
1631664316,85.00,68.18,68.69
1631664376,85.00,68.18,68.69
1631664436,85.10,68.18,68.70
1631664496,85.20,68.18,68.70
1631664557,85.20,68.18,68.70
1631664617,85.10,68.18,68.70
1631664677,85.30,68.18,68.71
1631664737,85.40,68.18,68.71
1631664797,85.30,68.18,68.71
1631664857,85.40,68.36,68.91
1631664917,85.60,68.36,68.92
1631664977,85.40,68.36,68.91
1631665037,85.50,68.36,68.91
1631665097,85.50,68.36,68.91
1631665157,85.60,68.36,68.92
1631665217,85.50,68.36,68.91
1631665277,85.60,68.36,68.92
1631665337,85.70,68.36,68.92
1631665397,85.90,68.36,68.93
1631665457,85.60,68.36,68.92
1631665517,85.60,68.36,68.92
1631665577,85.60,68.36,68.92
1631665637,85.60,68.36,68.92
1631665697,85.60,68.18,68.72
1631665757,85.70,68.18,68.73
1631665817,85.70,68.18,68.73
1631665877,85.80,68.18,68.73
1631665937,85.80,68.18,68.73
1631665997,85.70,68.18,68.73
1631666057,85.90,68.18,68.74
1631666117,85.90,68.18,68.74
1631666177,85.80,68.18,68.73
1631666238,85.80,68.00,68.53
1631666298,85.90,68.00,68.54
1631666358,86.00,68.00,68.54
1631666418,85.90,68.00,68.54
1631666478,86.00,68.00,68.54
1631666538,86.00,68.00,68.54
1631666598,86.10,68.00,68.55
1631666658,86.00,68.00,68.54
1631666718,86.10,68.00,68.55
1631666778,86.10,68.00,68.55
1631666838,86.10,68.00,68.55
1631666898,86.10,68.00,68.55
1631666958,86.20,68.00,68.55
1631667018,86.30,68.00,68.56
1631667078,86.10,68.00,68.55
1631667138,86.30,68.00,68.56
1631667198,86.30,68.00,68.56
1631667258,86.30,68.00,68.56
1631667318,86.30,68.18,68.75
1631667378,86.50,68.18,68.76
1631667438,86.40,68.18,68.76
1631667498,86.40,68.18,68.76
1631667558,86.40,68.18,68.76
1631667618,86.70,68.18,68.77
1631667678,86.50,68.18,68.76
1631667738,86.60,68.18,68.77
1631667798,86.50,68.18,68.76
1631667858,86.50,68.18,68.76
1631667918,86.40,68.18,68.76
1631667979,86.50,68.18,68.76
1631668039,86.50,68.18,68.76
1631668099,86.50,68.18,68.76
1631668159,86.40,68.18,68.76
1631668219,86.40,68.18,68.76
1631668279,86.50,68.18,68.76
1631668339,86.60,68.18,68.77
1631668399,86.60,68.18,68.77
1631668459,86.80,68.18,68.78
1631668519,86.80,68.18,68.78
1631668579,86.70,68.18,68.77
1631668639,86.60,68.18,68.77
1631668699,86.70,68.18,68.77
1631668759,86.80,68.18,68.78
1631668819,86.70,68.18,68.77
1631668879,86.70,68.18,68.77
1631668939,86.80,68.18,68.78
1631668999,86.80,68.18,68.78
1631669059,86.80,68.18,68.78
1631669119,86.90,68.00,68.58
1631669179,86.90,68.00,68.58
1631669239,86.90,68.00,68.58
1631669299,87.00,68.00,68.59
1631669359,86.90,68.00,68.58
1631669419,87.00,68.00,68.59
1631669479,87.00,68.00,68.59
1631669539,87.00,68.00,68.59
1631669599,87.00,68.00,68.59
1631669660,87.00,68.00,68.59
1631669720,87.10,68.00,68.59
1631669780,87.10,68.00,68.59
1631669840,87.30,68.00,68.60
1631669900,87.20,68.00,68.60
1631669960,87.20,68.00,68.60
1631670020,87.30,68.00,68.60
1631670080,87.20,68.00,68.60
1631670140,87.40,68.00,68.61
1631670200,87.40,68.00,68.61
1631670260,87.40,68.00,68.61
1631670320,87.70,68.00,68.62
1631670380,87.50,68.00,68.61
1631670440,87.50,68.00,68.61
1631670500,87.40,68.00,68.61
1631670560,87.50,68.00,68.61
1631670620,87.40,68.00,68.61
1631670680,87.40,68.00,68.61
1631670740,87.70,68.00,68.62
1631670800,87.50,68.00,68.61
1631670860,87.50,68.00,68.61
1631670920,87.50,68.00,68.61
1631670980,87.40,68.00,68.61
1631671040,87.60,68.00,68.62
1631671100,87.70,68.00,68.62
1631671160,87.60,68.00,68.62
1631671220,87.70,68.00,68.62
1631671280,87.50,68.00,68.61
1631671340,87.50,68.00,68.61
1631671401,87.50,68.00,68.61
1631671461,87.50,68.00,68.61
1631671521,87.60,68.18,68.82
1631671581,87.50,68.18,68.81
1631671641,87.70,68.18,68.82
1631671701,87.60,68.18,68.82
1631671761,87.60,68.18,68.82
1631671821,87.50,68.18,68.81
1631671881,87.70,68.18,68.82
1631671941,87.70,68.18,68.82
1631672001,87.60,68.18,68.82
1631672061,87.70,68.18,68.82
1631672121,87.80,68.18,68.82
1631672181,87.70,68.18,68.82
1631672241,88.00,68.18,68.83
1631672301,87.90,68.36,69.03
1631672361,87.90,68.36,69.03
1631672421,88.00,68.36,69.03
1631672481,87.90,68.36,69.03
1631672541,87.70,68.36,69.02
1631672601,87.80,68.36,69.02
1631672661,88.10,68.36,69.04
1631672721,87.80,68.36,69.02
1631672781,87.80,68.36,69.02
1631672841,87.70,68.36,69.02
1631672901,87.70,68.36,69.02
1631672961,87.70,68.36,69.02
1631673021,87.80,68.36,69.02
1631673081,87.90,68.36,69.03
1631673142,87.80,68.36,69.02
1631673202,87.90,68.36,69.03
1631673262,88.00,68.36,69.03
1631673322,88.10,68.36,69.04
1631673382,88.20,68.36,69.04
1631673442,88.30,68.36,69.05
1631673502,88.30,68.36,69.05
1631673562,88.30,68.36,69.05
1631673622,88.50,68.54,69.25
1631673682,88.20,68.54,69.24
1631673742,88.10,68.54,69.23
1631673802,88.30,68.54,69.24
1631673862,88.20,68.54,69.24
1631673922,88.40,68.54,69.25
1631673982,88.30,68.54,69.24
1631674042,88.30,68.54,69.24
1631674102,88.20,68.54,69.24
1631674162,88.40,68.54,69.25
1631674222,88.40,68.54,69.25
1631674282,88.40,68.54,69.25
1631674342,88.60,68.54,69.26
1631674402,88.40,68.54,69.25
1631674462,88.50,68.54,69.25
1631674522,88.50,68.54,69.25
1631674582,88.40,68.54,69.25
1631674642,88.50,68.54,69.25
1631674702,88.60,68.54,69.26
1631674762,88.60,68.54,69.26
1631674823,88.40,68.54,69.25
1631674883,88.40,68.54,69.25
1631674943,88.50,68.54,69.25
1631675003,88.40,68.54,69.25
1631675063,88.30,68.54,69.24
1631675123,88.60,68.54,69.26
1631675183,88.60,68.54,69.26
1631675243,88.60,68.54,69.26
1631675303,88.50,68.54,69.25
1631675363,88.60,68.54,69.26
1631675423,88.60,68.54,69.26
1631675483,88.50,68.54,69.25
1631675543,88.40,68.54,69.25
1631675603,88.50,68.54,69.25
1631675663,88.70,68.54,69.26
1631675723,88.60,68.54,69.26
1631675783,88.60,68.54,69.26
1631675843,88.60,68.54,69.26
1631675903,88.70,68.54,69.26
1631675963,88.60,68.72,69.46
1631676023,88.40,68.72,69.45
1631676083,88.60,68.72,69.46
1631676143,88.60,68.72,69.46
1631676203,88.60,68.54,69.26
1631676263,88.80,68.72,69.47
1631676323,88.60,68.72,69.46
1631676383,88.90,68.72,69.47
1631676443,88.80,68.72,69.47
1631676503,88.80,68.72,69.47
1631676564,88.80,68.72,69.47
1631676624,88.80,68.72,69.47
1631676684,88.50,68.72,69.45
1631676744,88.70,68.72,69.46
1631676804,88.60,68.72,69.46
1631676864,88.60,68.72,69.46
1631676924,88.70,68.72,69.46
1631676984,88.90,68.72,69.47
1631677044,89.00,68.72,69.47
1631677104,88.80,68.72,69.47
1631677164,88.70,68.72,69.46
1631677224,88.90,68.72,69.47
1631677284,88.80,68.72,69.47
1631677344,88.60,68.90,69.65
1631677404,88.90,68.72,69.47
1631677464,89.00,68.90,69.67
1631677524,88.90,68.90,69.67
1631677584,88.90,68.90,69.67
1631677644,88.80,68.90,69.66
1631677704,88.70,68.90,69.66
1631677764,88.90,68.90,69.67
1631677824,88.80,68.90,69.66
1631677884,88.80,68.90,69.66
1631677944,88.70,68.90,69.66
1631678004,89.00,68.90,69.67
1631678064,88.70,68.90,69.66
1631678124,89.10,68.90,69.68
1631678184,89.30,68.90,69.69
1631678244,89.10,68.90,69.68
1631678305,88.80,68.90,69.66
1631678365,88.90,68.90,69.67
1631678425,89.50,68.90,69.70
1631678485,89.10,68.90,69.68
1631678545,89.10,68.90,69.68
1631678605,89.30,68.90,69.69
1631678665,89.10,68.90,69.68
1631678725,89.10,68.90,69.68
1631678785,89.60,68.90,69.70
1631678845,89.50,68.90,69.70
1631678905,89.20,68.90,69.68
1631678965,89.20,69.08,69.88
1631679025,89.30,69.08,69.89
1631679085,89.30,69.08,69.89
1631679145,89.00,69.08,69.87
1631679205,89.60,69.08,69.90
1631679265,89.20,69.08,69.88
1631679325,89.40,69.08,69.89
1631679385,89.30,68.90,69.69
1631679445,89.40,69.08,69.89
1631679505,89.20,69.08,69.88
1631679565,89.20,69.08,69.88
1631679625,89.30,69.08,69.89
1631679685,89.30,69.08,69.89
1631679745,89.30,69.08,69.89
1631679805,89.30,68.90,69.69
1631679865,89.40,69.08,69.89
1631679925,89.60,69.08,69.90
1631679986,89.50,69.08,69.89
1631680046,89.50,69.08,69.89
1631680106,89.80,69.08,69.91
1631680166,89.40,69.08,69.89
1631680226,89.50,69.08,69.89
1631680286,89.90,69.08,69.91
1631680346,89.50,69.08,69.89
1631680406,89.60,69.08,69.90
1631680466,89.70,69.08,69.90
1631680526,89.90,69.08,69.91
1631680586,90.00,69.08,69.92
1631680646,89.80,69.08,69.91
1631680706,89.70,69.08,69.90
1631680766,90.20,69.08,69.93
1631680826,89.90,69.08,69.91
1631680886,89.70,69.08,69.90
1631680946,89.80,69.08,69.91
1631681006,90.10,69.08,69.92
1631681066,89.80,69.08,69.91
1631681126,89.80,69.08,69.91
1631681186,89.80,69.08,69.91
1631681246,89.90,69.26,70.11
1631681306,90.20,69.26,70.13
1631681366,90.20,69.26,70.13
1631681426,90.00,69.26,70.12
1631681486,90.30,69.26,70.13
1631681546,90.00,69.26,70.12
1631681606,89.70,69.26,70.10
1631681666,89.50,69.26,70.09
1631681727,89.40,69.26,70.09
1631681787,89.70,69.26,70.10
1631681847,89.60,69.26,70.10
1631681907,89.10,69.26,70.07
1631681967,89.60,69.26,70.10
1631682027,89.60,69.44,70.30
1631682087,89.40,69.44,70.29
1631682147,89.40,69.44,70.29
1631682207,89.20,69.44,70.28
1631682267,89.40,69.44,70.29
1631682327,89.40,69.44,70.29
1631682387,89.60,69.44,70.30
1631682447,89.40,69.44,70.29
1631682507,89.80,69.44,70.30
1631682567,89.70,69.44,70.30
1631682627,89.50,69.44,70.29
1631682687,89.50,69.44,70.29
1631682747,89.60,69.44,70.30
1631682807,89.70,69.44,70.30
1631682867,89.60,69.44,70.30
1631682927,89.60,69.44,70.30
1631682987,89.50,69.62,70.49
1631683047,89.80,69.62,70.50
1631683107,89.90,69.62,70.51
1631683167,90.10,69.62,70.52
1631683227,89.80,69.62,70.50
1631683287,89.90,69.62,70.51
1631683347,90.00,69.62,70.51
1631683407,90.10,69.62,70.52
1631683468,90.10,69.62,70.52
1631683528,90.00,69.62,70.51
1631683588,89.90,69.62,70.51
1631683648,89.90,69.62,70.51
1631683708,89.90,69.62,70.51
1631683768,89.90,69.62,70.51
1631683828,89.90,69.62,70.51
1631683888,90.10,69.62,70.52
1631683948,89.90,69.62,70.51
1631684008,89.90,69.62,70.51
1631684068,90.40,69.80,70.73
1631684128,90.10,69.80,70.71
1631684188,89.90,69.80,70.71
1631684248,90.00,69.80,70.71
1631684308,90.00,69.80,70.71
1631684368,90.20,69.80,70.72
1631684428,90.30,69.80,70.72
1631684488,90.10,69.80,70.71
1631684548,90.30,69.80,70.72
1631684608,90.40,69.80,70.73
1631684668,90.40,69.80,70.73
1631684728,90.30,69.80,70.72
1631684788,90.50,69.80,70.73
1631684848,90.40,69.80,70.73
1631684908,90.40,69.80,70.73
1631684968,90.50,69.80,70.73
1631685028,90.10,69.80,70.71
1631685088,90.60,69.80,70.74
1631685149,90.00,69.80,70.71
1631685209,90.40,69.80,70.73
1631685269,90.20,69.98,70.92
1631685329,90.30,69.98,70.92
1631685389,90.40,69.98,70.93
1631685449,90.20,69.98,70.92
1631685509,89.90,69.98,70.90
1631685569,90.20,69.98,70.92
1631685629,90.50,69.98,70.93
1631685689,90.40,69.98,70.93
1631685749,90.20,69.98,70.92
1631685809,90.00,69.98,70.91
1631685869,90.40,69.98,70.93
1631685929,90.60,69.98,70.94
1631685989,90.50,69.98,70.93
1631686049,90.40,69.98,70.93
1631686109,90.30,69.98,70.92
1631686169,90.70,69.98,70.94
1631686229,90.70,69.98,70.94
1631686289,90.10,69.98,70.91
1631686349,90.60,69.98,70.94
1631686409,90.60,70.16,71.13
1631686469,91.00,69.98,70.95
1631686529,90.90,70.16,71.15
1631686589,90.50,70.16,71.13
1631686649,90.60,70.16,71.13
1631686709,90.90,70.16,71.15
1631686769,91.10,70.16,71.16
1631686829,91.40,70.16,71.17
1631686890,91.50,70.16,71.18
1631686950,91.70,70.16,71.19
1631687010,91.70,70.16,71.19
1631687070,92.10,70.16,71.20
1631687130,91.90,70.16,71.20
1631687190,92.30,70.16,71.21
1631687250,92.20,70.16,71.21
1631687310,92.40,70.16,71.22
1631687370,92.30,70.16,71.21
1631687430,92.40,70.16,71.22
1631687490,92.60,70.16,71.23
1631687550,92.10,70.16,71.20
1631687610,92.20,70.16,71.21
1631687670,92.30,70.16,71.21
1631687730,92.30,70.16,71.21
1631687790,92.20,70.16,71.21
1631687850,92.40,70.16,71.22
1631687910,92.20,70.16,71.21
1631687970,92.40,70.16,71.22
1631688030,92.50,70.16,71.22
1631688090,92.20,70.16,71.21
1631688150,92.30,70.16,71.21
1631688210,92.20,70.16,71.21
1631688270,92.40,70.16,71.22
1631688330,92.20,70.16,71.21
1631688390,92.20,70.16,71.21
1631688450,92.20,70.16,71.21
1631688510,92.00,70.16,71.20
1631688570,92.30,70.16,71.21
1631688631,92.30,70.16,71.21
1631688691,92.10,70.16,71.20
1631688751,92.30,70.16,71.21
1631688811,92.30,70.16,71.21
1631688871,92.40,70.16,71.22
1631688931,92.10,70.16,71.20
1631688991,92.30,70.16,71.21
1631689051,92.30,70.16,71.21
1631689111,92.30,70.16,71.21
1631689171,92.20,70.16,71.21
1631689231,92.40,70.16,71.22
1631689291,92.20,70.16,71.21
1631689351,92.50,70.16,71.22
1631689411,92.40,70.16,71.22
1631689471,92.20,70.34,71.41
1631689531,92.10,70.16,71.20
1631689591,92.60,70.16,71.23
1631689651,92.50,70.34,71.42
1631689711,92.50,70.34,71.42
1631689771,92.30,70.34,71.41
1631689831,92.30,70.34,71.41
1631689891,92.30,70.34,71.41
1631689951,92.40,70.34,71.42
1631690011,92.30,70.34,71.41
1631690071,91.90,70.34,71.39
1631690131,92.10,70.34,71.40
1631690191,92.20,70.34,71.41
1631690251,92.20,70.34,71.41
1631690312,92.00,70.34,71.40
1631690372,92.30,70.34,71.41
1631690432,92.30,70.34,71.41
1631690492,92.10,70.34,71.40
1631690552,92.20,70.52,71.61
1631690612,92.00,70.52,71.60
1631690672,92.40,70.52,71.61
1631690732,92.30,70.52,71.61
1631690792,92.10,70.52,71.60
1631690852,92.30,70.52,71.61
1631690912,92.30,70.52,71.61
1631690972,92.20,70.52,71.61
1631691032,92.10,70.52,71.60
1631691092,92.20,70.70,71.80
1631691152,92.00,70.70,71.79
1631691212,92.20,70.70,71.80
1631691272,92.30,70.70,71.81
1631691332,92.30,70.70,71.81
1631691392,92.20,70.70,71.80
1631691452,92.30,70.88,72.01
1631691512,92.10,70.88,72.00
1631691572,92.10,70.88,72.00
1631691632,91.90,70.88,71.99
1631691692,92.00,70.88,71.99
1631691752,91.80,70.88,71.98
1631691812,91.70,71.06,72.18
1631691872,91.40,71.06,72.16
1631691932,91.10,71.06,72.15
1631691992,90.90,71.24,72.34
1631692053,91.00,71.24,72.34
1631692113,90.80,71.24,72.33
1631692173,90.80,71.24,72.33
1631692233,90.60,71.42,72.52
1631692293,90.40,71.42,72.51
1631692353,90.60,71.42,72.52
1631692413,90.80,71.42,72.53
1631692473,90.70,71.60,72.72
1631692533,90.50,71.60,72.71
1631692593,90.50,71.60,72.71
1631692653,90.70,71.60,72.72
1631692713,90.60,71.78,72.92
1631692773,90.60,71.78,72.92
1631692833,90.50,71.78,72.91
1631692893,90.70,71.78,72.92
1631692953,90.50,72.14,73.31
1631693013,90.00,72.32,73.48
1631693073,89.90,72.32,73.48
1631693133,90.10,72.32,73.49
1631693193,90.10,72.50,73.68
1631693253,90.10,72.50,73.68
1631693313,90.10,72.50,73.68
1631693373,90.30,72.50,73.69
1631693433,90.10,72.50,73.68
1631693493,90.20,72.68,73.89
1631693553,90.20,72.68,73.89
1631693613,90.10,72.68,73.88
1631693673,90.10,72.68,73.88
1631693733,90.20,72.68,73.89
1631693794,90.30,72.68,73.89
1631693854,90.30,72.68,73.89
1631693914,90.20,72.68,73.89
1631693974,90.40,72.86,74.09
1631694034,90.40,72.86,74.09
1631694094,90.60,72.86,74.10
1631694154,90.70,72.86,74.11
1631694214,90.40,72.86,74.09
1631694274,90.60,72.86,74.10
1631694334,90.70,72.86,74.11
1631694394,90.80,72.86,74.11
1631694454,90.70,72.86,74.11
1631694514,90.90,72.86,74.12
1631694574,90.80,72.86,74.11
1631694634,90.90,72.86,74.12
1631694694,90.90,72.86,74.12
1631694754,91.00,73.04,74.32
1631694814,90.90,73.04,74.32
1631694874,90.80,73.04,74.31
1631694934,91.10,73.04,74.33
1631694994,91.00,73.04,74.32
1631695054,91.00,73.04,74.32
1631695114,90.90,73.04,74.32
1631695174,90.90,73.04,74.32
1631695234,90.80,73.04,74.31
1631695294,90.90,73.04,74.32
1631695354,90.80,73.04,74.31
1631695414,91.10,73.22,74.52
1631695474,91.00,73.22,74.52
1631695535,90.80,73.22,74.51
1631695595,91.00,73.22,74.52
1631695655,91.10,73.22,74.52
1631695715,91.00,73.22,74.52
1631695775,91.10,73.22,74.52
1631695835,90.90,73.22,74.51
1631695895,91.10,73.40,74.72
1631695955,90.90,73.40,74.71
1631696015,91.00,73.40,74.72
1631696075,91.00,73.40,74.72
1631696135,91.00,73.40,74.72
1631696195,90.90,73.40,74.71
1631696255,91.00,73.58,74.92
1631696315,90.70,73.58,74.90
1631696375,91.00,73.58,74.92
1631696435,91.00,73.58,74.92
1631696495,91.00,73.58,74.92
1631696555,90.90,73.58,74.91
1631696615,91.00,73.76,75.11
1631696675,91.00,73.76,75.11
1631696735,91.00,73.76,75.11
1631696795,91.00,73.76,75.11
1631696855,90.80,73.94,75.30
1631696915,90.70,73.94,75.30
1631696975,90.70,73.94,75.30
1631697035,90.50,73.94,75.29
1631697095,90.50,74.12,75.49
1631697155,90.40,74.12,75.48
1631697215,90.50,74.12,75.49
1631697276,90.50,74.30,75.68
1631697336,90.60,74.30,75.69
1631697396,90.70,74.30,75.69
1631697456,90.50,74.48,75.88
1631697516,90.60,74.48,75.89
1631697576,90.60,74.48,75.89
1631697636,90.50,74.48,75.88
1631697696,90.10,74.66,76.06
1631697756,90.40,74.66,76.07
1631697816,90.40,74.84,76.27
1631697876,90.10,74.84,76.26
1631697936,90.20,74.84,76.26
1631697996,90.20,75.02,76.46
1631698056,90.10,75.02,76.46
1631698116,90.20,75.20,76.66
1631698176,90.10,75.20,76.65
1631698236,89.90,75.38,76.84
1631698296,90.00,75.38,76.85
1631698356,89.80,75.56,77.04
1631698416,89.70,75.56,77.03
1631698476,89.70,75.56,77.03
1631698536,89.70,75.74,77.23
1631698596,89.60,75.74,77.23
1631698656,89.70,75.92,77.43
1631698716,89.60,75.92,77.42
1631698776,89.50,75.92,77.42
1631698836,89.40,75.92,77.41
1631698896,89.30,76.10,77.61
1631698956,89.30,76.28,77.81
1631699016,89.30,76.28,77.81
1631699077,89.10,76.28,77.80
1631699137,89.30,76.46,78.00
1631699197,89.20,76.46,78.00
1631699257,89.10,76.46,77.99
1631699317,89.30,76.64,78.20
1631699377,89.00,76.64,78.19
1631699437,88.90,76.64,78.18
1631699497,89.00,76.82,78.39
1631699557,88.60,77.00,78.56
1631699617,88.60,77.00,78.56
1631699677,88.60,77.18,78.76
1631699737,88.40,77.18,78.75
1631699797,88.60,77.36,78.96
1631699857,88.70,77.36,78.96
1631699917,88.60,77.36,78.96
1631699977,88.70,77.36,78.96
1631700037,88.70,77.54,79.43
1631700097,88.60,77.54,79.43
1631700157,88.60,77.54,79.43
1631700217,88.40,77.72,79.83
1631700277,88.50,77.72,79.83
1631700337,88.20,77.90,80.24
1631700397,88.20,77.90,80.24
1631700457,88.10,77.90,80.24
1631700517,88.00,78.08,80.64
1631700577,88.20,78.08,80.65
1631700637,88.00,78.08,80.64
1631700697,88.00,78.08,80.64
1631700757,88.10,78.26,81.06
1631700818,88.20,78.26,81.06
1631700878,88.20,78.26,81.06
1631700938,87.60,78.44,81.46
1631700998,87.70,78.44,81.46
1631701058,87.50,78.44,81.46
1631701118,87.50,78.62,81.87
1631701178,87.70,78.62,81.89
1631701238,87.60,78.80,82.31
1631701298,87.40,78.80,82.29
1631701358,87.50,78.98,82.73
1631701418,87.40,78.98,82.72
1631701478,87.30,79.16,83.15
1631701538,87.30,79.16,83.15
1631701598,87.00,79.16,83.12
1631701658,87.30,79.34,83.59
1631701718,86.80,79.34,83.54
1631701778,86.90,79.52,83.99
1631701838,86.70,79.52,83.97
1631701898,86.70,79.70,84.41
1631701958,86.40,79.70,84.37
1631702018,86.40,79.88,84.82
1631702078,85.90,80.06,85.32
1631702138,85.80,80.24,85.74
1631702198,85.40,80.24,85.62
1631702258,85.70,80.42,86.16
1631702318,85.50,80.42,86.10
1631702378,85.50,80.42,86.10
1631702438,85.60,80.42,86.13
1631702498,85.70,80.42,86.16
1631702559,85.70,80.42,86.16
1631702619,85.50,80.60,86.56
1631702679,85.60,80.60,86.59
1631702739,85.30,80.60,86.50
1631702799,84.80,80.60,86.37
1631702859,85.00,80.78,86.86
1631702919,85.30,80.78,86.95
1631702979,85.00,80.96,87.32
1631703039,84.70,80.96,87.26
1631703099,84.70,81.14,87.73
1631703159,84.70,81.14,87.73
1631703219,84.60,81.32,88.17
1631703279,84.60,81.32,88.17
1631703339,84.70,81.50,88.67
1631703399,84.40,81.50,88.60
1631703459,84.40,81.68,89.08
1631703519,84.60,81.68,89.13
1631703579,84.50,81.68,89.10
1631703639,84.60,81.68,89.13
1631703699,84.60,81.68,89.13
1631703759,84.60,81.68,89.13
1631703819,84.60,81.86,89.61
1631703879,84.40,81.86,89.56
1631703939,84.10,81.86,89.48
1631703999,84.20,81.86,89.51
1631704059,84.20,81.86,89.51
1631704119,84.20,82.04,89.99
1631704179,84.30,81.86,89.53
1631704239,84.20,82.04,89.99
1631704300,84.30,82.04,90.02
1631704360,84.30,82.04,90.02
1631704420,84.20,82.04,89.99
1631704480,84.20,82.04,89.99
1631704540,84.20,82.04,89.99
1631704600,84.40,82.04,90.05
1631704660,84.20,82.04,89.99
1631704720,84.10,82.22,90.45
1631704780,84.00,82.22,90.43
1631704840,84.00,82.22,90.43
1631704900,84.10,82.40,90.95
1631704960,84.10,82.40,90.95
1631705020,83.80,82.58,91.36
1631705080,83.70,82.76,91.83
1631705140,85.00,82.94,92.76
1631705200,84.90,83.12,93.25
1631705260,84.80,83.30,93.75
1631705320,84.10,83.48,94.03
1631705380,83.80,83.66,94.45
1631705440,83.70,83.84,94.94
1631705500,83.80,83.84,94.98
1631705560,83.80,84.02,95.52
1631705620,83.80,84.02,95.52
1631705680,83.70,84.20,96.02
1631705740,83.80,84.20,96.06
1631705800,83.60,84.38,96.53
1631705860,83.40,84.56,96.99
1631705920,83.20,84.74,97.46
1631705980,82.90,84.92,97.88
1631706041,82.80,85.10,98.39
1631706101,82.70,85.10,98.34
1631706161,82.70,85.28,98.91
1631706221,82.30,85.28,98.72
1631706281,82.10,85.64,99.74
1631706341,81.80,86.00,100.73
1631706401,81.70,86.18,101.26
1631706461,81.70,86.18,101.26
1631706521,81.00,86.36,101.46
1631706581,80.90,86.54,101.98
1631706641,80.90,86.72,102.56
1631706701,81.40,86.72,102.84
1631706761,81.40,86.90,103.44
1631706821,81.00,86.90,103.20
1631706881,80.90,87.08,103.74
1631706941,80.70,87.26,104.21
1631707001,80.40,87.26,104.03
1631707061,80.50,87.26,104.09
1631707121,80.50,87.44,104.69
1631707181,80.50,87.44,104.69
1631707241,80.50,87.62,105.29
1631707301,80.30,87.62,105.16
1631707361,79.20,88.16,106.27
1631707421,78.80,88.52,107.21
1631707481,78.50,88.70,107.61
1631707541,78.60,88.70,107.68
1631707601,78.30,88.70,107.48
1631707662,78.80,88.70,107.82
1631707722,79.10,88.70,108.03
1631707782,79.40,88.70,108.24
1631707842,79.30,88.88,108.79
1631707902,79.20,89.06,109.34
1631707962,78.50,89.42,110.09
1631708022,78.20,89.60,110.50
1631708082,78.20,89.78,111.13
1631708142,78.10,89.96,111.69
1631708202,77.90,90.14,112.17
1631708262,77.80,90.32,112.74
1631708322,77.30,90.50,112.98
1631708382,77.30,90.68,113.63
1631708442,77.10,90.86,114.11
1631708502,77.20,90.86,114.20
1631708562,77.00,91.04,114.68
1631708622,76.80,90.86,113.86
1631708682,76.60,90.68,113.06
1631708742,77.00,90.68,113.38
1631708802,76.60,90.68,113.06
1631708862,76.70,90.86,113.78
1631708922,76.60,91.04,114.35
1631708982,76.20,91.40,115.31
1631709042,76.30,91.58,116.05
1631709102,76.10,91.76,116.54
1631709162,75.80,91.76,116.27
1631709222,75.80,91.94,116.93
1631709282,75.50,91.76,116.01
1631709342,75.70,91.58,115.53
1631709403,75.90,91.40,115.05
1631709463,75.80,91.04,113.68
1631709523,76.40,91.04,114.18
1631709583,76.60,91.22,115.00
1631709643,76.40,91.22,114.83
1631709703,76.50,91.22,114.91
1631709763,76.50,91.22,114.91
1631709823,76.40,91.04,114.18
1631709883,76.60,90.86,113.70
1631709943,76.50,90.86,113.62
1631710003,76.50,90.86,113.62
1631710063,76.60,91.04,114.35
1631710123,76.70,91.04,114.43
1631710183,76.80,91.22,115.17
1631710243,76.70,91.04,114.43
1631710303,76.70,91.04,114.43
1631710363,76.70,91.04,114.43
1631710423,75.00,90.68,111.78
1631710483,74.50,90.50,110.78
1631710543,74.30,90.68,111.23
1631710603,73.80,90.86,111.45
1631710663,73.80,91.04,112.06
1631710723,74.00,91.04,112.22
1631710783,73.70,91.04,111.98
1631710843,72.90,90.86,110.74
1631710903,73.10,91.04,111.50
1631710963,72.90,91.04,111.34
1631711023,72.40,91.40,112.15
1631711083,72.10,91.58,112.51
1631711144,71.50,91.76,112.62
1631711204,71.70,91.94,113.39
1631711264,71.80,91.94,113.47
1631711324,71.90,91.94,113.56
1631711384,71.90,92.12,114.17
1631711444,71.80,92.12,114.08
1631711504,71.80,92.12,114.08
1631711564,71.40,92.30,114.36
1631711624,71.80,92.12,114.08
1631711684,70.90,92.12,113.32
1631711744,71.30,92.12,113.66
1631711804,71.60,91.94,113.30
1631711864,71.50,92.30,114.44
1631711924,70.90,92.48,114.54
1631711984,70.40,92.84,115.33
1631712044,70.40,93.02,115.95
1631712104,70.40,93.20,116.57
1631712164,70.20,93.20,116.39
1631712224,69.20,93.20,115.49
1631712284,69.70,93.02,115.32
1631712344,69.00,92.84,114.11
1631712404,69.70,92.84,114.71
1631712464,69.70,93.02,115.32
1631712524,69.80,93.38,116.64
1631712584,69.80,93.74,117.89
1631712644,69.30,93.56,116.80
1631712704,69.70,93.38,116.55
1631712764,69.70,93.38,116.55
1631712824,70.20,93.02,115.77
1631712885,70.90,92.84,115.77
1631712945,71.60,92.48,115.15
1631713005,70.90,93.02,116.39
1631713065,70.80,93.02,116.30
1631713125,70.10,92.66,114.46
1631713185,70.20,92.12,112.74
1631713245,70.60,91.76,111.88
1631713305,70.60,91.76,111.88
1631713365,70.40,91.76,111.72
1631713425,71.30,91.40,111.27
1631713485,71.40,91.22,110.76
1631713545,71.30,91.40,111.27
1631713605,71.00,91.40,111.03
1631713665,70.30,92.12,112.82
1631713725,69.50,92.84,114.54
1631713785,69.70,93.20,115.93
1631713845,69.40,93.56,116.90
1631713905,69.40,94.10,118.77
1631713965,69.20,94.10,118.58
1631714025,69.10,93.74,117.24
1631714085,68.90,93.20,115.22
1631714145,68.80,93.20,115.13
1631714205,68.70,93.38,115.65
1631714265,68.30,93.56,115.89
1631714325,68.90,93.56,116.44
1631714385,69.00,93.20,115.31
1631714445,69.40,93.20,115.67
1631714505,69.50,93.20,115.76
1631714566,70.00,93.02,115.59
1631714626,70.40,92.66,114.72
1631714686,70.20,92.48,113.94
1631714746,69.70,92.48,113.51
1631714806,69.10,92.66,113.60
1631714866,69.30,92.66,113.77
1631714926,69.40,92.84,114.45
1631714986,68.60,92.66,113.17
1631715046,68.20,92.48,112.26
1631715106,68.70,92.66,113.26
1631715166,68.80,92.84,113.93
1631715226,68.20,93.02,114.01
1631715286,68.50,93.20,114.87
1631715346,67.70,93.20,114.17
1631715406,68.30,93.38,115.29
1631715466,67.80,93.74,116.05
1631715526,67.70,93.92,116.56
1631715586,67.20,93.92,116.10
1631715646,67.60,93.92,116.47
1631715706,67.40,94.28,117.50
1631715766,66.90,94.28,117.03
1631715826,66.60,94.46,117.35
1631715886,66.40,94.46,117.17
1631715946,67.10,94.64,118.44
1631716006,66.90,94.64,118.25
1631716066,66.70,94.64,118.06
1631716126,66.60,94.64,117.96
1631716186,66.60,94.46,117.35
1631716246,66.10,94.46,116.89
1631716307,65.80,94.46,116.61
1631716367,66.30,94.28,116.47
1631716427,66.90,93.92,115.83
1631716487,65.50,93.74,114.00
1631716547,65.70,93.20,112.46
1631716607,65.80,93.02,111.98
1631716667,66.10,92.84,111.67
1631716727,65.70,93.02,111.90
1631716787,65.80,93.38,113.11
1631716847,66.00,93.56,113.86
1631716907,66.20,93.56,114.03
1631716967,65.40,93.74,113.91
1631717027,65.10,93.74,113.65
1631717087,64.70,93.74,113.30
1631717147,65.40,93.56,113.34
1631717207,65.80,93.74,114.26
1631717267,65.70,93.74,114.17
1631717327,65.90,93.56,113.77
1631717387,66.20,93.56,114.03
1631717447,66.30,93.74,114.70
1631717507,66.10,93.92,115.11
1631717567,66.10,93.92,115.11
1631717627,65.60,93.92,114.66
1631717687,65.70,93.56,113.60
1631717747,66.30,93.74,114.70
1631717807,66.60,93.74,114.97
1631717867,66.40,93.74,114.79
1631717927,66.40,93.56,114.21
1631717987,65.90,93.56,113.77
1631718048,65.90,93.56,113.77
1631718108,65.40,93.38,112.77
1631718168,66.00,93.20,112.71
1631718228,65.50,93.20,112.29
1631718288,66.10,93.02,112.23
1631718348,66.10,93.38,113.37
1631718408,66.50,93.74,114.88
1631718468,66.80,93.92,115.74
1631718528,65.80,94.46,116.61
1631718588,64.60,95.00,117.27
1631718648,64.40,95.18,117.67
1631718708,64.30,95.18,117.57
1631718768,64.00,95.36,117.88
1631718828,64.40,95.36,118.27
1631718888,64.20,95.54,118.67
1631718948,63.70,95.54,118.18
1631719008,63.20,95.72,118.29
1631719068,63.90,95.72,118.98
1631719128,63.90,95.54,118.38
1631719188,64.30,95.18,117.57
1631719248,64.00,94.64,115.54
1631719308,64.50,94.28,114.84
1631719368,64.90,94.28,115.20
1631719428,64.40,93.92,113.61
1631719488,64.60,93.92,113.78
1631719548,64.90,94.10,114.62
1631719608,65.00,94.28,115.29
1631719668,65.20,94.64,116.64
1631719728,65.50,94.82,117.52
1631719789,64.80,95.00,117.46
1631719849,64.00,95.18,117.29
1631719909,64.00,95.00,116.70
1631719969,64.10,95.00,116.80
1631720029,64.80,94.82,116.86
1631720089,64.60,94.46,115.51
1631720149,64.60,94.28,114.93
1631720209,64.60,94.10,114.35
1631720269,64.90,93.92,114.05
1631720329,64.40,93.38,111.93
1631720389,65.20,93.02,111.49
1631720449,64.90,92.66,110.15
1631720509,65.70,92.48,110.24
1631720569,66.10,92.48,110.55
1631720629,65.70,92.66,110.79
1631720689,65.70,92.84,111.34
1631720749,65.60,93.02,111.82
1631720809,65.40,93.20,112.21
1631720869,65.60,93.56,113.51
1631720929,65.70,93.74,114.17
1631720989,65.30,93.56,113.25
1631721049,65.40,93.74,113.91
1631721109,65.50,93.74,114.00
1631721169,65.00,93.74,113.56
1631721229,64.70,93.74,113.30
1631721289,64.40,93.74,113.05
1631721349,64.50,94.10,114.27
1631721409,63.80,94.64,115.36
1631721469,63.20,94.64,114.82
1631721530,63.80,94.64,115.36
1631721590,64.20,94.46,115.14
1631721650,64.10,93.92,113.35
1631721710,64.60,93.20,111.55
1631721770,65.50,92.84,111.18
1631721830,65.80,92.48,110.32
1631721890,66.00,92.48,110.47
1631721950,66.10,92.48,110.55
1631722010,66.00,92.48,110.47
1631722070,65.60,92.48,110.16
1631722130,65.50,92.12,109.00
1631722190,66.40,91.94,109.14
1631722250,67.00,91.76,109.06
1631722310,67.20,91.58,108.66
1631722370,67.80,91.58,109.12
1631722430,67.90,91.58,109.19
1631722490,68.00,91.76,109.83
1631722550,68.10,91.76,109.90
1631722610,68.50,91.58,109.65
1631722670,68.40,91.40,109.02
1631722730,68.50,91.22,108.54
1631722790,68.20,90.86,107.23
1631722850,68.30,90.50,106.24
1631722910,68.70,90.50,106.51
1631722970,69.20,90.32,106.33
1631723030,69.50,90.14,106.00
1631723090,69.80,89.78,105.13
1631723150,70.30,89.60,104.93
1631723211,70.50,89.42,104.53
1631723271,70.00,89.24,103.69
1631723331,70.60,89.06,103.55
1631723391,71.00,88.88,103.27
1631723451,71.60,88.88,103.65
1631723511,72.10,88.70,103.43
1631723571,71.90,88.88,103.84
1631723631,70.90,89.24,104.26
1631723691,70.50,89.42,104.53
1631723751,70.70,89.42,104.66
1631723811,70.50,89.24,104.01
1631723871,70.20,89.24,103.82
1631723931,70.50,89.06,103.48
1631723991,70.70,89.06,103.61
1631724051,71.30,88.88,103.46
1631724111,71.10,88.88,103.34
1631724171,71.30,88.70,102.94
1631724231,71.30,88.52,102.42
1631724291,71.30,88.34,101.91
1631724351,71.30,88.16,101.40
1631724411,71.50,88.16,101.51
1631724471,71.30,87.98,100.89
1631724531,71.30,87.98,100.89
1631724591,71.20,87.80,100.34
1631724651,71.60,87.80,100.56
1631724711,71.70,87.62,100.11
1631724771,71.30,87.62,99.90
1631724831,71.50,87.44,99.51
1631724891,71.20,87.26,98.87
1631724952,71.60,87.08,98.59
1631725012,71.80,87.08,98.69
1631725072,71.80,86.90,98.21
1631725132,72.20,86.90,98.41
1631725192,72.30,86.90,98.46
1631725252,72.20,86.90,98.41
1631725312,72.20,86.90,98.41
1631725372,72.20,86.72,97.93
1631725432,72.50,86.72,98.08
1631725492,72.90,86.90,98.77
1631725552,72.20,86.72,97.93
1631725612,72.20,86.72,97.93
1631725672,72.40,86.54,97.55
1631725732,72.00,86.54,97.35
1631725792,72.50,86.36,97.12
1631725852,72.60,86.18,96.69
1631725912,72.70,86.18,96.74
1631725972,73.00,86.18,96.88
1631726032,73.50,86.18,97.12
1631726092,73.30,86.00,96.55
1631726152,73.30,85.82,96.07
1631726212,73.50,85.82,96.16
1631726272,74.10,85.82,96.44
1631726332,74.10,85.64,95.96
1631726392,74.20,85.64,96.00
1631726452,74.40,85.46,95.62
1631726512,74.60,85.46,95.71
1631726572,74.10,85.46,95.49
1631726632,74.10,85.28,95.02
1631726692,74.30,85.28,95.11
1631726753,74.20,85.10,94.60
1631726813,74.30,85.10,94.64
1631726873,74.50,85.10,94.73
1631726933,74.40,84.92,94.23
1631726993,74.60,84.92,94.31
1631727053,74.80,84.92,94.39
1631727113,74.90,84.74,93.97
1631727173,75.20,84.74,94.09
1631727233,75.30,84.74,94.13
1631727293,75.70,84.56,93.82
1631727353,75.70,84.56,93.82
1631727413,75.90,84.56,93.90
1631727473,75.90,84.56,93.90
1631727533,76.10,84.38,93.51
1631727593,76.20,84.38,93.55
1631727653,76.20,84.20,93.09
1631727713,76.00,84.20,93.02
1631727773,76.30,84.20,93.13
1631727833,76.10,84.02,92.60
1631727893,76.30,84.02,92.67
1631727953,76.50,83.84,92.29
1631728013,76.30,83.84,92.22
1631728073,76.20,83.84,92.18
1631728133,76.30,83.84,92.22
1631728193,76.40,83.84,92.25
1631728253,76.50,83.66,91.84
1631728313,76.60,83.84,92.32
1631728373,76.80,83.84,92.39
1631728433,76.80,83.84,92.39
1631728493,76.90,83.84,92.43
1631728554,76.90,83.84,92.43
1631728614,77.10,83.84,92.50
1631728674,77.10,83.84,92.50
1631728734,77.20,83.84,92.53
1631728794,77.20,83.84,92.53
1631728854,77.40,83.84,92.60
1631728914,77.30,83.84,92.57
1631728974,77.30,83.84,92.57
1631729034,77.40,83.84,92.60
1631729094,77.40,83.84,92.60
1631729154,77.40,83.84,92.60
1631729214,77.40,83.84,92.60
1631729274,77.40,83.66,92.14
1631729334,77.50,83.66,92.18
1631729394,77.40,83.66,92.14
1631729454,77.50,83.66,92.18
1631729514,77.30,83.66,92.11
1631729574,77.60,83.66,92.21
1631729634,77.40,83.66,92.14
1631729694,77.60,83.48,91.76
1631729754,77.50,83.48,91.72
1631729814,77.40,83.48,91.69
1631729874,77.80,83.30,91.37
1631729934,77.70,83.30,91.34
1631729994,77.90,83.30,91.40
1631730054,77.90,83.30,91.40
1631730114,78.00,83.12,90.98
1631730174,78.00,83.12,90.98
1631730234,77.90,83.12,90.95
1631730295,78.20,83.12,91.05
1631730355,78.40,82.94,90.66
1631730415,78.40,82.94,90.66
1631730475,78.60,82.94,90.72
1631730535,78.60,82.94,90.72
1631730595,78.60,82.76,90.27
1631730655,78.50,82.76,90.24
1631730715,78.80,82.76,90.33
1631730775,78.80,82.58,89.89
1631730835,78.90,82.58,89.92
1631730895,78.70,82.58,89.86
1631730955,79.00,82.58,89.94
1631731015,78.90,82.40,89.48
1631731075,79.10,82.40,89.53
1631731135,79.10,82.40,89.53
1631731195,79.20,82.40,89.56
1631731255,79.40,82.40,89.61
1631731315,79.20,82.22,89.12
1631731375,79.30,82.22,89.15
1631731435,79.20,82.22,89.12
1631731495,79.40,82.22,89.17
1631731555,79.50,82.22,89.20
1631731615,79.40,82.04,88.74
1631731675,79.60,82.04,88.79
1631731735,79.60,82.04,88.79
1631731795,79.60,81.86,88.35
1631731855,79.80,81.86,88.40
1631731915,79.70,81.86,88.38
1631731975,80.00,81.86,88.45
1631732035,79.90,81.68,88.00
1631732096,80.10,81.68,88.04
1631732156,79.90,81.68,88.00
1631732216,80.00,81.68,88.02
1631732276,80.60,81.50,87.73
1631732336,80.30,81.50,87.66
1631732396,80.60,81.50,87.73
1631732456,80.50,81.50,87.70
1631732516,80.30,81.50,87.66
1631732576,80.50,81.32,87.28
1631732636,80.80,81.32,87.34
1631732696,80.50,81.32,87.28
1631732756,80.80,81.32,87.34
1631732816,80.70,81.32,87.32
1631732876,80.90,81.14,86.93
1631732936,81.10,81.14,86.98
1631732996,81.10,81.14,86.98
1631733056,81.40,80.96,86.61
1631733116,81.40,80.96,86.61
1631733176,81.40,80.96,86.61
1631733236,81.70,80.96,86.67
1631733296,81.70,80.78,86.24
1631733356,81.90,80.78,86.28
1631733416,81.90,80.78,86.28
1631733476,81.60,80.78,86.22
1631733536,81.80,80.78,86.26
1631733596,82.00,80.78,86.30
1631733656,81.90,80.60,85.86
1631733716,82.20,80.60,85.91
1631733776,82.10,80.60,85.89
1631733836,82.20,80.60,85.91
1631733897,82.30,80.60,85.93
1631733957,82.70,80.60,86.00
1631734017,82.20,80.42,85.49
1631734077,82.30,80.42,85.51
1631734137,82.90,80.42,85.60
1631734197,82.70,80.42,85.57
1631734257,82.70,80.42,85.57
1631734317,82.80,80.42,85.59
1631734377,82.50,80.42,85.54
1631734437,82.70,80.42,85.57
1631734497,82.60,80.42,85.55
1631734557,83.00,80.24,85.20
1631734617,82.80,80.24,85.17
1631734677,82.90,80.24,85.18
1631734737,83.00,80.24,85.20
1631734797,83.20,80.24,85.23
1631734857,83.10,80.24,85.21
1631734917,82.90,80.06,84.76
1631734977,83.10,80.06,84.79
1631735037,82.80,80.06,84.75
1631735097,83.10,80.06,84.79
1631735157,83.20,80.06,84.81
1631735217,83.30,80.06,84.82
1631735277,83.40,80.06,84.83
1631735337,83.50,80.06,84.85
1631735397,83.10,79.88,84.38
1631735457,83.40,79.88,84.42
1631735517,83.80,79.88,84.47
1631735577,83.70,79.88,84.46
1631735637,83.70,79.88,84.46
1631735698,83.60,79.70,84.03
1631735758,83.50,79.70,84.02
1631735818,83.50,79.70,84.02
1631735878,83.70,79.70,84.04
1631735938,83.80,79.52,83.64
1631735998,83.90,79.52,83.65
1631736058,84.00,79.52,83.66
1631736118,83.90,79.52,83.65
1631736178,83.90,79.52,83.65
1631736238,83.80,79.52,83.64
1631736298,83.80,79.34,83.24
1631736358,83.90,79.34,83.25
1631736418,83.50,79.34,83.21
1631736478,83.50,79.34,83.21
1631736538,83.80,79.34,83.24
1631736598,83.80,79.34,83.24
1631736658,83.50,79.34,83.21
1631736718,84.00,79.16,82.85
1631736778,83.60,79.16,82.82
1631736838,83.80,79.16,82.84
1631736898,83.90,79.16,82.85
1631736958,83.80,79.16,82.84
1631737018,83.90,79.16,82.85
1631737078,83.80,79.16,82.84
1631737138,83.80,79.16,82.84
1631737198,83.90,78.98,82.45
1631737258,84.00,78.98,82.46
1631737318,84.00,78.98,82.46
1631737378,84.20,78.98,82.47
1631737439,84.20,78.98,82.47
1631737499,84.20,78.98,82.47
1631737559,84.20,78.98,82.47
1631737619,84.30,78.80,82.08
1631737679,84.30,78.80,82.08
1631737739,84.20,78.80,82.08
1631737799,84.10,78.80,82.07
1631737859,84.20,78.80,82.08
1631737919,84.20,78.80,82.08
1631737979,84.30,78.80,82.08
1631738039,84.30,78.80,82.08
1631738099,84.40,78.62,81.70
1631738159,84.50,78.62,81.71
1631738219,84.50,78.62,81.71
1631738279,84.20,78.62,81.69
1631738339,84.10,78.62,81.68
1631738399,84.50,78.44,81.32
1631738459,84.60,78.44,81.32
1631738519,84.50,78.44,81.32
1631738579,84.60,78.44,81.32
1631738639,84.70,78.44,81.33
1631738699,84.70,78.44,81.33
1631738759,84.20,78.44,81.31
1631738819,84.50,78.44,81.32
1631738879,84.50,78.26,80.94
1631738939,84.50,78.26,80.94
1631738999,84.60,78.26,80.94
1631739059,84.90,78.26,80.95
1631739119,84.90,78.08,80.57
1631739179,84.90,78.08,80.57
1631739240,84.90,77.90,80.20
1631739300,84.90,77.90,80.20
1631739360,85.20,77.72,79.83
1631739420,85.50,77.72,79.83
1631739480,85.50,77.54,79.46
1631739540,85.50,77.54,79.46
1631739600,85.70,77.54,79.46
1631739660,85.70,77.36,78.82
1631739720,86.10,77.36,78.84
1631739780,86.10,77.36,78.84
1631739840,86.20,77.18,78.65
1631739900,86.10,77.18,78.64
1631739960,86.20,77.18,78.65
1631740020,86.20,77.00,78.45
1631740080,86.40,77.00,78.46
1631740140,86.40,77.00,78.46
1631740200,86.40,77.00,78.46
1631740260,86.30,77.00,78.46
1631740320,86.50,76.82,78.27
1631740380,86.40,76.82,78.26
1631740440,86.60,76.82,78.27
1631740500,86.60,76.82,78.27
1631740560,86.60,76.82,78.27
1631740620,86.70,76.82,78.28
1631740680,86.60,76.64,78.07
1631740740,86.70,76.64,78.08
1631740800,86.80,76.46,77.89
1631740860,86.70,76.46,77.88
1631740920,86.80,76.46,77.89
1631740980,86.80,76.46,77.89
1631741041,86.70,76.46,77.88
1631741101,86.80,76.28,77.69
1631741161,86.90,76.28,77.69
1631741221,86.80,76.28,77.69
1631741281,87.00,76.28,77.70
1631741341,87.10,76.10,77.50
1631741401,87.00,76.10,77.50
1631741461,87.00,76.10,77.50
1631741521,87.20,75.92,77.31
1631741581,87.10,75.92,77.31
1631741641,87.20,75.92,77.31
1631741701,87.20,75.92,77.31
1631741761,87.20,75.92,77.31
1631741821,87.20,75.92,77.31
1631741881,87.10,75.74,77.11
1631741941,87.30,75.74,77.12
1631742001,87.30,75.74,77.12
1631742061,87.40,75.74,77.12
1631742121,87.30,75.56,76.92
1631742181,87.50,75.56,76.93
1631742241,87.40,75.56,76.92
1631742301,87.60,75.56,76.93
1631742361,87.40,75.56,76.92
1631742421,87.60,75.38,76.74
1631742481,87.60,75.56,76.93
1631742541,87.60,75.38,76.74
1631742601,87.60,75.38,76.74
1631742661,87.60,75.38,76.74
1631742721,87.70,75.38,76.74
1631742781,87.70,75.38,76.74
1631742842,87.60,75.20,76.54
1631742902,87.70,75.38,76.74
1631742962,87.70,75.20,76.54
1631743022,87.50,75.20,76.53
1631743082,87.70,75.20,76.54
1631743142,87.70,75.20,76.54
1631743202,87.70,75.20,76.54
1631743262,87.70,75.20,76.54
1631743322,87.90,75.20,76.55
1631743382,87.90,75.20,76.55
1631743442,87.70,75.02,76.34
1631743502,87.90,75.02,76.35
1631743562,87.90,75.02,76.35
1631743622,87.90,75.02,76.35
1631743682,87.90,75.02,76.35
1631743742,87.90,75.02,76.35
1631743802,87.90,74.84,76.16
1631743862,87.90,74.84,76.16
1631743922,88.10,74.84,76.16
1631743982,88.00,74.84,76.16
1631744042,87.90,74.84,76.16
1631744102,87.90,74.84,76.16
1631744162,88.10,74.84,76.16
1631744222,88.10,74.66,75.97
1631744282,88.30,74.66,75.98
1631744342,88.30,74.66,75.98
1631744402,88.20,74.66,75.97
1631744462,88.10,74.66,75.97
1631744522,88.10,74.66,75.97
1631744582,88.10,74.66,75.97
1631744643,88.10,74.66,75.97
1631744703,88.10,74.66,75.97
1631744763,88.00,74.66,75.96
1631744823,88.00,74.66,75.96
1631744883,88.20,74.66,75.97
1631744943,88.10,74.66,75.97
1631745003,88.10,74.66,75.97
1631745063,88.20,74.48,75.77
1631745123,88.20,74.48,75.77
1631745183,88.20,74.48,75.77
1631745243,88.20,74.48,75.77
1631745303,88.20,74.48,75.77
1631745363,88.30,74.48,75.78
1631745423,88.10,74.48,75.77
1631745483,88.30,74.48,75.78
1631745543,88.40,74.30,75.58
1631745603,88.40,74.30,75.58
1631745663,88.40,74.30,75.58
1631745723,88.40,74.30,75.58
1631745783,88.20,74.30,75.58
1631745843,88.20,74.30,75.58
1631745903,88.50,74.30,75.59
1631745963,88.20,74.30,75.58
1631746023,88.30,74.30,75.58
1631746083,88.40,74.30,75.58
1631746143,88.40,74.30,75.58
1631746203,88.60,74.12,75.40
1631746263,88.60,74.12,75.40
1631746323,88.60,74.12,75.40
1631746384,88.70,74.12,75.40
1631746444,88.60,74.12,75.40
1631746504,88.60,74.12,75.40
1631746564,88.70,74.12,75.40
1631746624,88.50,74.12,75.39
1631746684,88.50,73.94,75.19
1631746744,88.60,73.94,75.20
1631746804,88.60,73.94,75.20
1631746864,88.70,73.94,75.20
1631746924,88.90,73.94,75.21
1631746984,89.10,73.94,75.22
1631747044,88.80,73.94,75.21
1631747104,89.00,73.94,75.22
1631747164,89.00,73.94,75.22
1631747224,89.00,73.94,75.22
1631747284,89.00,73.76,75.02
1631747344,89.00,73.76,75.02
1631747404,88.90,73.76,75.01
1631747464,88.80,73.76,75.01
1631747524,89.10,73.76,75.02
1631747584,89.00,73.76,75.02
1631747644,88.90,73.76,75.01
1631747704,89.10,73.76,75.02
1631747764,88.90,73.76,75.01
1631747824,88.90,73.76,75.01
1631747884,89.00,73.76,75.02
1631747944,89.00,73.58,74.82
1631748004,88.90,73.58,74.82
1631748064,89.00,73.58,74.82
1631748124,89.20,73.58,74.83
1631748185,89.00,73.58,74.82
1631748245,88.80,73.58,74.81
1631748305,89.00,73.58,74.82
1631748365,89.20,73.40,74.63
1631748425,89.10,73.40,74.63
1631748485,89.10,73.40,74.63
1631748545,88.90,73.40,74.62
1631748605,89.00,73.40,74.62
1631748665,89.10,73.40,74.63
1631748725,89.00,73.40,74.62
1631748785,88.90,73.40,74.62
1631748845,89.10,73.40,74.63
1631748905,89.30,73.22,74.44
1631748965,89.30,73.22,74.44
1631749025,89.40,73.22,74.44
1631749085,89.30,73.22,74.44
1631749145,89.40,73.22,74.44
1631749205,89.30,73.22,74.44
1631749265,89.20,73.22,74.43
1631749325,89.10,73.22,74.43
1631749385,89.20,73.22,74.43
1631749445,89.00,73.22,74.43
1631749505,89.10,73.04,74.23
1631749565,89.20,73.22,74.43
1631749625,89.30,73.22,74.44
1631749685,89.20,73.04,74.24
1631749745,89.20,73.04,74.24
1631749805,89.30,73.04,74.24
1631749865,89.50,73.04,74.25
1631749925,89.20,73.04,74.24
1631749986,89.20,73.04,74.24
1631750046,89.30,73.04,74.24
1631750106,89.50,72.86,74.05
1631750166,89.50,72.86,74.05
1631750226,89.50,72.86,74.05
1631750286,89.50,72.86,74.05
1631750346,89.60,72.86,74.06
