1631231968,95.90,69.80,70.99
1631232028,95.90,69.80,70.99
1631232088,95.60,69.80,70.97
1631232148,95.80,69.62,70.78
1631232208,95.80,69.62,70.78
1631232268,95.70,69.62,70.78
1631232328,95.50,69.62,70.77
1631232388,95.40,69.62,70.77
1631232448,95.20,69.62,70.76
1631232508,95.00,69.62,70.75
1631232568,94.80,69.62,70.74
1631232628,94.50,69.44,70.53
1631232688,94.50,69.44,70.53
1631232748,94.40,69.44,70.52
1631232808,94.50,69.44,70.53
1631232868,94.50,69.44,70.53
1631232928,94.50,69.26,70.33
1631232988,94.30,69.26,70.32
1631233048,94.30,69.26,70.32
1631233108,94.30,69.26,70.32
1631233168,94.30,69.26,70.32
1631233228,94.50,69.26,70.33
1631233288,94.60,69.26,70.33
1631233348,94.60,69.08,70.13
1631233408,94.60,69.08,70.13
1631233469,94.40,69.08,70.12
1631233529,94.40,68.90,69.93
1631233589,94.30,68.90,69.92
1631233649,94.00,68.90,69.91
1631233709,93.90,68.72,69.71
1631233769,94.00,68.72,69.71
1631233829,93.50,68.72,69.69
1631233889,93.40,68.54,69.48
1631233949,93.70,68.36,69.30
1631234009,94.00,68.36,69.31
1631234069,94.10,68.36,69.32
1631234129,94.20,68.36,69.32
1631234189,94.50,68.36,69.34
1631234249,94.40,68.36,69.33
1631234309,94.40,68.36,69.33
1631234369,94.50,68.36,69.34
1631234429,94.50,68.36,69.34
1631234489,94.30,68.36,69.33
1631234549,94.50,68.36,69.34
1631234609,94.30,68.36,69.33
1631234669,94.30,68.36,69.33
1631234729,94.40,68.18,69.13
1631234789,94.20,68.18,69.13
1631234849,94.30,68.00,68.93
1631234909,94.50,68.00,68.94
1631234969,94.50,68.00,68.94
1631235029,94.60,68.00,68.95
1631235089,94.80,68.00,68.96
1631235150,94.70,68.00,68.95
1631235210,94.70,68.18,69.15
1631235270,94.50,68.18,69.14
1631235330,94.40,68.18,69.13
1631235390,94.20,68.18,69.13
1631235450,94.30,68.18,69.13
1631235510,94.30,68.18,69.13
1631235570,94.30,68.18,69.13
1631235630,94.60,68.18,69.14
1631235690,94.70,68.18,69.15
1631235750,94.40,68.00,68.94
1631235810,94.60,68.00,68.95
1631235870,94.80,68.00,68.96
1631235930,94.80,67.82,68.76
1631235990,94.70,67.82,68.75
1631236050,94.80,67.82,68.76
1631236110,94.80,67.82,68.76
1631236170,95.00,67.82,68.77
1631236230,95.20,68.00,68.97
1631236290,95.10,68.00,68.97
1631236350,95.00,68.00,68.96
1631236410,95.00,68.00,68.96
1631236470,94.70,68.00,68.95
1631236530,94.70,68.00,68.95
1631236590,94.50,68.00,68.94
1631236650,94.50,68.00,68.94
1631236710,94.50,68.18,69.14
1631236770,94.40,68.00,68.94
1631236830,94.40,68.00,68.94
1631236891,94.80,68.00,68.96
1631236951,94.80,68.00,68.96
1631237011,94.70,68.00,68.95
1631237071,94.60,68.00,68.95
1631237131,94.60,68.00,68.95
1631237191,94.60,68.00,68.95
1631237251,94.50,68.00,68.94
1631237311,94.50,68.00,68.94
1631237371,94.80,68.00,68.96
1631237431,95.00,67.82,68.77
1631237491,95.00,67.82,68.77
1631237551,95.00,67.82,68.77
1631237611,94.90,67.82,68.76
1631237671,94.90,67.64,68.56
1631237731,95.20,67.64,68.58
1631237791,95.30,67.64,68.58
1631237851,95.30,67.64,68.58
1631237911,95.30,67.64,68.58
1631237971,95.40,67.64,68.59
1631238031,95.30,67.64,68.58
1631238091,95.10,67.82,68.77
1631238151,95.00,67.82,68.77
1631238211,95.00,67.82,68.77
1631238271,95.00,67.82,68.77
1631238331,94.90,67.82,68.76
1631238391,94.90,67.82,68.76
1631238451,94.90,67.82,68.76
1631238511,95.10,67.82,68.77
1631238572,95.20,67.82,68.78
1631238632,95.30,67.82,68.78
1631238692,95.30,67.82,68.78
1631238752,95.40,67.82,68.79
1631238812,95.20,67.82,68.78
1631238872,95.30,67.82,68.78
1631238932,95.20,67.64,68.58
1631238992,95.20,67.64,68.58
1631239052,95.40,67.64,68.59
1631239112,95.40,67.64,68.59
1631239172,95.40,67.64,68.59
1631239232,95.50,67.64,68.59
1631239292,95.60,67.64,68.60
1631239352,95.60,67.64,68.60
1631239412,95.60,67.64,68.60
1631239472,95.70,67.46,68.40
1631239532,95.80,67.46,68.41
1631239592,95.90,67.46,68.41
1631239652,95.70,67.46,68.40
1631239712,95.50,67.46,68.39
1631239772,95.50,67.64,68.59
1631239832,95.30,67.64,68.58
1631239892,95.40,67.64,68.59
1631239952,95.40,67.64,68.59
1631240012,95.50,67.64,68.59
1631240072,95.50,67.64,68.59
1631240132,95.30,67.64,68.58
1631240192,95.50,67.64,68.59
1631240252,95.40,67.64,68.59
1631240313,95.20,67.64,68.58
1631240373,95.20,67.64,68.58
1631240433,95.40,67.46,68.39
1631240493,95.60,67.46,68.40
1631240553,95.70,67.46,68.40
1631240613,95.90,67.46,68.41
1631240673,95.80,67.64,68.61
1631240733,95.90,67.64,68.61
1631240793,95.90,67.46,68.41
1631240853,95.80,67.46,68.41
1631240913,95.80,67.46,68.41
1631240973,95.60,67.46,68.40
1631241033,95.60,67.64,68.60
1631241093,95.40,67.64,68.59
1631241153,95.40,67.64,68.59
1631241213,95.40,67.64,68.59
1631241273,95.20,67.64,68.58
1631241333,95.60,67.64,68.60
1631241393,95.60,67.64,68.60
1631241453,95.70,67.46,68.40
1631241513,95.80,67.46,68.41
1631241573,95.80,67.46,68.41
1631241633,95.60,67.46,68.40
1631241693,95.60,67.64,68.60
1631241753,95.50,67.64,68.59
1631241813,95.60,67.64,68.60
1631241873,95.60,67.46,68.40
1631241933,95.60,67.46,68.40
1631241993,95.70,67.46,68.40
1631242054,95.90,67.46,68.41
1631242114,95.80,67.46,68.41
1631242174,95.90,67.46,68.41
1631242234,95.80,67.46,68.41
1631242294,95.90,67.46,68.41
1631242354,96.10,67.46,68.42
1631242414,96.20,67.46,68.43
1631242474,96.00,67.46,68.42
1631242534,95.90,67.46,68.41
1631242594,95.90,67.28,68.22
1631242654,96.00,67.28,68.22
1631242714,96.00,67.28,68.22
1631242774,96.10,67.28,68.22
1631242834,96.20,67.28,68.23
1631242894,96.30,67.28,68.23
1631242954,96.20,67.46,68.43
1631243014,96.20,67.46,68.43
1631243074,96.10,67.46,68.42
1631243134,96.00,67.46,68.42
1631243194,95.90,67.46,68.41
1631243254,95.90,67.46,68.41
1631243314,95.60,67.46,68.40
1631243374,95.70,67.46,68.40
1631243434,95.60,67.46,68.40
1631243494,95.80,67.46,68.41
1631243554,95.90,67.64,68.61
1631243614,95.80,67.46,68.41
1631243674,95.70,67.64,68.60
1631243735,95.80,67.46,68.41
1631243795,95.90,67.46,68.41
1631243855,96.00,67.46,68.42
1631243915,95.90,67.46,68.41
1631243975,96.10,67.46,68.42
1631244035,96.10,67.46,68.42
1631244095,96.10,67.46,68.42
1631244155,96.10,67.46,68.42
1631244215,96.00,67.28,68.22
1631244275,95.90,67.28,68.22
1631244335,96.10,67.28,68.22
1631244395,96.00,67.28,68.22
1631244455,96.00,67.28,68.22
1631244515,96.00,67.28,68.22
1631244575,96.00,67.28,68.22
1631244635,96.20,67.10,68.03
1631244695,96.20,67.10,68.03
1631244755,96.10,67.10,68.03
1631244815,96.30,67.10,68.04
1631244875,96.30,67.10,68.04
1631244935,96.20,67.10,68.03
1631244995,96.30,67.10,68.04
1631245055,96.20,67.10,68.03
1631245115,96.20,67.10,68.03
1631245175,96.30,67.10,68.04
1631245235,96.30,67.10,68.04
1631245295,96.10,67.10,68.03
1631245355,96.20,67.10,68.03
1631245415,96.10,67.10,68.03
1631245476,96.20,67.28,68.23
1631245536,96.10,67.28,68.22
1631245596,96.10,67.28,68.22
1631245656,95.90,67.28,68.22
1631245716,95.90,67.28,68.22
1631245776,96.10,67.28,68.22
1631245836,96.10,67.28,68.22
1631245896,95.90,67.28,68.22
1631245956,96.10,67.28,68.22
1631246016,96.10,67.28,68.22
1631246076,96.10,67.28,68.22
1631246136,96.20,67.46,68.43
1631246196,96.10,67.28,68.22
1631246256,95.90,67.28,68.22
1631246316,95.80,67.28,68.21
1631246376,95.90,67.46,68.41
1631246436,95.90,67.28,68.22
1631246496,95.80,67.28,68.21
1631246556,95.60,67.28,68.20
1631246616,95.70,67.28,68.21
1631246676,95.80,67.28,68.21
1631246736,95.70,67.28,68.21
1631246796,95.80,67.10,68.01
1631246856,96.00,67.10,68.02
1631246916,95.90,67.10,68.02
1631246976,96.10,67.10,68.03
1631247036,96.20,67.10,68.03
1631247096,96.10,67.10,68.03
1631247156,96.00,67.10,68.02
1631247217,96.00,67.10,68.02
1631247277,96.10,67.10,68.03
1631247337,96.30,67.10,68.04
1631247397,96.20,67.10,68.03
1631247457,96.20,67.10,68.03
1631247517,96.20,67.10,68.03
1631247577,96.20,67.10,68.03
1631247637,96.20,67.10,68.03
1631247697,96.20,67.10,68.03
1631247757,96.20,67.10,68.03
1631247817,96.20,67.10,68.03
1631247877,96.10,67.10,68.03
1631247937,96.20,66.92,67.83
1631247997,96.20,66.92,67.83
1631248057,96.10,66.92,67.83
1631248117,96.10,66.92,67.83
1631248177,96.20,66.92,67.83
1631248237,96.30,66.92,67.84
1631248297,96.50,66.92,67.85
1631248357,96.40,66.92,67.84
1631248417,96.40,66.92,67.84
1631248477,96.40,66.92,67.84
1631248537,96.30,66.92,67.84
1631248597,96.30,66.92,67.84
1631248657,96.30,66.92,67.84
1631248717,96.40,66.92,67.84
1631248777,96.40,66.92,67.84
1631248837,96.50,66.92,67.85
1631248898,96.50,66.92,67.85
1631248958,96.40,66.92,67.84
1631249018,96.30,66.92,67.84
1631249078,96.30,66.92,67.84
1631249138,96.30,66.92,67.84
1631249198,96.40,67.10,68.04
1631249258,96.30,66.92,67.84
1631249318,96.30,66.92,67.84
1631249378,96.20,67.10,68.03
1631249438,96.20,67.10,68.03
1631249498,95.90,67.10,68.02
1631249558,95.90,67.10,68.02
1631249618,95.70,67.10,68.01
1631249678,95.70,67.10,68.01
1631249738,95.70,67.10,68.01
1631249798,95.70,67.10,68.01
1631249858,95.80,67.10,68.01
1631249918,96.10,67.10,68.03
1631249978,95.80,67.10,68.01
1631250038,95.90,67.10,68.02
1631250098,95.80,67.10,68.01
1631250158,95.90,66.92,67.82
1631250218,96.10,66.92,67.83
1631250278,96.10,66.92,67.83
1631250338,96.20,66.92,67.83
1631250398,96.30,66.92,67.84
1631250458,96.00,66.92,67.82
1631250518,96.00,66.92,67.82
1631250578,96.10,66.92,67.83
1631250639,96.10,66.92,67.83
1631250699,96.00,66.92,67.82
1631250759,95.80,66.92,67.81
1631250819,95.90,66.92,67.82
1631250879,95.80,66.74,67.62
1631250939,96.00,66.74,67.63
1631250999,96.10,66.74,67.63
1631251059,96.20,66.74,67.64
1631251119,96.20,66.74,67.64
1631251179,96.20,66.56,67.44
1631251239,96.20,66.56,67.44
1631251299,96.20,66.74,67.64
1631251359,96.20,66.56,67.44
1631251419,96.20,66.56,67.44
1631251479,96.10,66.56,67.43
1631251539,96.20,66.56,67.44
1631251599,96.30,66.56,67.44
1631251659,96.30,66.56,67.44
1631251719,96.20,66.56,67.44
1631251779,96.30,66.56,67.44
1631251839,96.30,66.56,67.44
1631251899,96.50,66.56,67.45
1631251959,96.50,66.56,67.45
1631252079,96.40,66.56,67.45
1631252139,96.40,66.38,67.25
1631252199,96.20,66.38,67.24
1631252259,96.10,66.38,67.23
1631252319,96.30,66.38,67.24
1631252380,96.40,66.38,67.25
1631252440,96.30,66.38,67.24
1631252500,96.40,66.38,67.25
1631252560,96.30,66.38,67.24
1631252620,96.30,66.38,67.24
1631252680,96.30,66.20,67.05
1631252740,96.20,66.20,67.04
1631252800,96.10,66.20,67.04
1631252860,96.30,66.20,67.05
1631252920,96.20,66.20,67.04
1631252980,96.20,66.20,67.04
1631253040,96.20,66.20,67.04
1631253100,96.20,66.20,67.04
1631253160,96.00,66.20,67.03
1631253220,95.70,66.20,67.02
1631253280,95.80,66.20,67.02
1631253340,96.00,66.20,67.03
1631253400,95.80,66.02,66.82
1631253460,95.90,66.02,66.83
1631253520,95.90,66.02,66.83
1631253580,95.90,66.02,66.83
1631253640,96.00,66.02,66.83
1631253700,95.80,66.02,66.82
1631253760,96.00,66.02,66.83
1631253820,95.50,66.02,66.81
1631253880,95.70,66.02,66.82
1631253940,95.50,66.02,66.81
1631254000,95.70,66.02,66.82
1631254061,95.60,66.02,66.82
1631254121,95.50,66.02,66.81
1631254181,95.50,66.02,66.81
1631254241,95.70,66.02,66.82
1631254301,95.50,66.02,66.81
1631254361,95.40,66.02,66.81
1631254421,95.60,66.02,66.82
1631254481,95.60,65.84,66.62
1631254541,95.60,65.84,66.62
1631254601,95.30,65.84,66.60
1631254661,95.60,65.84,66.62
1631254721,95.50,65.84,66.61
1631254781,95.60,65.84,66.62
1631254841,95.60,65.84,66.62
1631254901,95.60,65.84,66.62
1631254961,95.70,65.84,66.62
1631255021,95.70,65.84,66.62
1631255081,95.50,65.84,66.61
1631255141,95.80,65.84,66.63
1631255201,95.60,65.84,66.62
1631255261,95.70,66.02,66.82
1631255321,95.40,66.02,66.81
1631255381,95.40,65.84,66.61
1631255441,95.40,66.02,66.81
1631255501,95.40,66.02,66.81
1631255561,95.40,66.02,66.81
1631255621,95.40,65.84,66.61
1631255681,95.50,65.84,66.61
1631255741,95.40,65.84,66.61
1631255802,95.50,65.84,66.61
1631255862,95.60,65.84,66.62
1631255922,95.60,65.84,66.62
1631255982,95.40,65.84,66.61
1631256042,95.40,65.84,66.61
1631256102,95.40,65.84,66.61
1631256162,95.70,65.84,66.62
1631256222,95.80,65.84,66.63
1631256282,95.60,65.66,66.42
1631256342,96.00,65.66,66.44
1631256402,95.80,65.66,66.43
1631256462,95.80,65.66,66.43
1631256522,96.00,65.66,66.44
1631256582,96.00,65.66,66.44
1631256642,95.80,65.66,66.43
1631256702,95.80,65.66,66.43
1631256762,96.00,65.66,66.44
1631256822,95.60,65.66,66.42
1631256882,95.40,65.84,66.61
1631256942,95.50,65.84,66.61
1631257002,95.80,65.84,66.63
1631257062,95.80,65.84,66.63
1631257122,95.80,65.84,66.63
1631257182,95.80,65.66,66.43
1631257242,95.80,65.66,66.43
1631257302,95.80,65.84,66.63
1631257362,95.80,65.66,66.43
1631257422,95.80,65.66,66.43
1631257482,95.80,65.66,66.43
1631257543,95.80,65.84,66.63
1631257603,95.50,65.66,66.41
1631257663,95.70,65.66,66.42
1631257723,95.50,65.66,66.41
1631257783,95.60,65.84,66.62
1631257843,95.70,65.84,66.62
1631257903,95.60,65.84,66.62
1631257963,95.70,65.84,66.62
1631258023,95.70,65.84,66.62
1631258083,95.70,65.84,66.62
1631258143,96.00,65.84,66.64
1631258203,96.00,65.84,66.64
1631258263,96.00,65.84,66.64
1631258323,96.00,65.84,66.64
1631258383,96.00,65.84,66.64
1631258443,95.70,65.84,66.62
1631258503,95.70,65.84,66.62
1631258563,96.00,65.84,66.64
1631258623,95.70,65.84,66.62
1631258683,95.80,65.84,66.63
1631258743,95.80,66.02,66.82
1631258803,95.50,66.02,66.81
1631258863,95.80,66.02,66.82
1631258923,95.80,66.02,66.82
1631258983,95.70,66.02,66.82
1631259043,96.00,66.02,66.83
1631259103,95.80,66.02,66.82
1631259163,95.70,66.02,66.82
1631259224,95.70,66.02,66.82
1631259284,95.80,66.02,66.82
1631259344,95.50,66.02,66.81
1631259404,95.50,66.20,67.01
1631259464,95.60,66.20,67.01
1631259524,95.70,66.20,67.02
1631259584,95.60,66.20,67.01
1631259644,95.60,66.20,67.01
1631259704,95.70,66.20,67.02
1631259764,95.70,66.20,67.02
1631259824,95.50,66.20,67.01
1631259884,95.70,66.20,67.02
1631259944,95.70,66.20,67.02
1631260004,95.90,66.38,67.23
1631260064,95.80,66.38,67.22
1631260124,95.50,66.38,67.21
1631260184,95.80,66.38,67.22
1631260244,95.50,66.38,67.21
1631260304,95.60,66.38,67.21
1631260364,95.40,66.56,67.40
1631260424,95.50,66.56,67.40
1631260484,95.50,66.56,67.40
1631260544,95.70,66.56,67.41
1631260604,95.70,66.56,67.41
1631260664,95.50,66.56,67.40
1631260724,95.70,66.56,67.41
1631260784,95.90,66.56,67.42
1631260844,95.70,66.56,67.41
1631260904,95.70,66.74,67.61
1631260965,95.20,66.92,67.79
1631261025,95.30,66.92,67.79
1631261085,95.10,66.92,67.78
1631261145,95.30,67.10,67.99
1631261205,95.30,67.10,67.99
1631261265,95.40,67.10,67.99
1631261325,95.40,67.10,67.99
1631261385,95.40,66.92,67.80
1631261445,95.20,67.10,67.98
1631261505,94.80,67.10,67.97
1631261565,95.00,67.10,67.97
1631261625,95.20,67.10,67.98
1631261685,95.30,67.10,67.99
1631261745,95.40,67.10,67.99
1631261805,95.40,67.10,67.99
1631261865,95.00,67.10,67.97
1631261925,95.30,67.10,67.99
1631261985,95.40,67.10,67.99
1631262045,95.40,67.10,67.99
1631262105,95.60,67.10,68.00
1631262165,95.70,67.10,68.01
1631262225,95.60,67.10,68.00
1631262285,95.60,67.10,68.00
1631262345,95.60,67.10,68.00
1631262405,95.60,67.28,68.20
1631262465,95.50,67.28,68.20
1631262525,95.20,67.28,68.18
1631262585,95.50,67.28,68.20
1631262645,95.50,67.46,68.39
1631262706,95.20,67.46,68.38
1631262766,95.50,67.46,68.39
1631262826,95.80,67.46,68.41
1631262886,95.40,67.46,68.39
1631262946,95.60,67.46,68.40
1631263006,95.40,67.46,68.39
1631263066,95.00,67.64,68.57
1631263126,95.30,67.64,68.58
1631263186,95.40,67.64,68.59
1631263246,95.00,67.64,68.57
1631263306,95.40,67.64,68.59
1631263366,95.40,67.64,68.59
1631263426,95.20,67.64,68.58
1631263486,95.00,67.64,68.57
1631263546,95.10,67.82,68.77
1631263606,95.50,67.82,68.79
1631263666,95.40,67.82,68.79
1631263726,95.30,67.82,68.78
1631263786,95.10,67.82,68.77
1631263846,95.10,68.00,68.97
1631263906,95.20,68.00,68.97
1631263966,95.20,68.00,68.97
1631264026,95.10,68.00,68.97
1631264086,95.10,68.00,68.97
1631264146,95.00,68.18,69.16
1631264206,95.00,68.18,69.16
1631264266,95.20,68.18,69.17
1631264326,95.30,68.18,69.18
1631264386,95.20,68.18,69.17
1631264447,95.10,68.18,69.17
1631264507,94.90,68.36,69.36
1631264567,94.60,68.36,69.34
1631264627,94.60,68.36,69.34
1631264687,94.70,68.36,69.35
1631264747,94.60,68.54,69.54
1631264807,94.10,68.54,69.52
1631264867,94.50,68.54,69.54
1631264927,94.40,68.54,69.53
1631264987,94.30,68.54,69.53
1631265047,94.50,68.54,69.54
1631265107,94.50,68.54,69.54
1631265167,94.30,68.72,69.72
1631265227,94.70,68.72,69.74
1631265287,94.20,68.90,69.92
1631265347,94.20,68.90,69.92
1631265407,94.30,68.90,69.92
1631265467,94.60,68.90,69.94
1631265527,94.30,68.90,69.92
1631265587,94.50,68.90,69.93
1631265647,94.40,69.08,70.12
1631265707,94.00,69.08,70.11
1631265767,93.70,69.08,70.09
1631265827,93.90,69.08,70.10
1631265887,93.60,69.26,70.29
1631265947,93.70,69.26,70.29
1631266007,93.60,69.26,70.29
1631266067,93.60,69.26,70.29
1631266127,93.50,69.26,70.28
1631266188,93.40,69.44,70.47
1631266248,93.40,69.44,70.47
1631266308,93.40,69.44,70.47
1631266368,93.60,69.62,70.68
1631266428,93.30,69.62,70.67
1631266488,93.40,69.62,70.67
1631266548,93.10,69.62,70.66
1631266608,93.00,69.62,70.65
1631266668,93.00,69.80,70.85
1631266728,92.70,69.80,70.84
1631266788,92.10,69.98,71.01
1631266848,92.10,69.98,71.01
1631266908,92.30,70.16,71.21
1631266968,92.20,70.16,71.21
1631267028,92.10,70.16,71.20
1631267088,92.00,70.34,71.40
1631267148,92.10,70.52,71.60
1631267208,91.90,70.52,71.59
1631267268,91.60,70.70,71.78
1631267328,91.40,70.70,71.77
1631267388,91.00,70.88,71.95
1631267448,90.20,70.88,71.91
1631267508,89.70,71.06,72.08
1631267568,89.70,71.06,72.08
1631267628,89.70,71.24,72.28
1631267688,89.60,71.24,72.28
1631267748,89.60,71.42,72.47
1631267808,89.60,71.42,72.47
1631267868,89.40,71.42,72.46
1631267928,89.40,71.60,72.66
1631267989,88.50,71.60,72.62
1631268049,88.60,71.60,72.62
1631268109,88.90,71.78,72.84
1631268169,89.80,71.78,72.88
1631268229,89.20,71.78,72.85
1631268289,89.20,71.78,72.85
1631268349,89.20,71.96,73.05
1631268409,89.50,71.96,73.06
1631268469,88.90,71.96,73.03
1631268529,88.80,71.96,73.03
1631268589,88.40,71.96,73.01
1631268649,88.40,71.96,73.01
1631268709,87.70,71.96,72.98
1631268769,87.50,71.96,72.97
1631268829,87.60,71.96,72.97
1631268889,87.60,71.96,72.97
1631268949,86.90,71.96,72.94
1631269009,87.40,71.96,72.96
1631269069,87.40,71.96,72.96
1631269129,88.60,72.14,73.22
1631269189,88.70,72.14,73.22
1631269249,88.10,72.32,73.39
1631269309,88.80,72.32,73.43
1631269369,88.80,72.50,73.62
1631269429,88.40,72.50,73.60
1631269489,88.30,72.50,73.60
1631269549,88.60,72.68,73.81
1631269609,88.30,72.68,73.80
1631269669,88.20,72.86,73.99
1631269730,87.50,72.86,73.96
1631269790,87.60,72.86,73.96
1631269850,87.10,72.86,73.94
1631269910,86.70,73.04,74.12
1631269970,86.70,73.04,74.12
1631270030,85.80,73.22,74.27
1631270090,85.90,73.22,74.28
1631270150,86.00,73.22,74.28
1631270210,84.70,73.22,74.22
1631270270,85.40,73.40,74.45
1631270330,85.30,73.40,74.45
1631270390,84.70,73.40,74.42
1631270450,84.90,73.58,74.63
1631270510,85.20,73.58,74.64
1631270570,85.20,73.58,74.64
1631270630,84.60,73.58,74.61
1631270690,84.60,73.76,74.81
1631270750,85.50,73.76,74.85
1631270810,84.00,73.94,74.98
1631270870,83.10,73.94,74.94
1631270930,83.00,73.94,74.94
1631270990,81.60,73.94,74.87
1631271050,82.00,73.94,74.89
1631271110,82.30,73.94,74.90
1631271170,84.10,74.12,75.18
1631271230,83.50,74.12,75.16
1631271290,84.00,74.30,75.38
1631271350,82.90,74.48,75.52
1631271410,83.50,74.48,75.55
1631271471,84.20,74.66,75.78
1631271531,84.10,74.66,75.78
1631271591,84.30,74.84,75.99
1631271651,82.50,74.84,75.90
1631271711,80.60,74.84,75.81
1631271771,80.50,74.84,75.81
1631271831,83.10,75.02,76.13
1631271891,82.40,75.02,76.09
1631271951,81.40,75.02,76.05
1631272011,82.30,75.20,76.29
1631272071,83.50,75.20,76.34
1631272131,81.70,75.38,76.46
1631272191,82.80,75.38,76.51
1631272251,81.70,75.56,76.66
1631272311,80.50,75.56,76.60
1631272371,81.80,75.74,76.86
1631272431,81.00,75.74,76.82
1631272491,81.10,75.92,77.02
1631272551,80.60,76.10,77.20
1631272611,81.70,76.28,77.45
1631272671,80.80,76.28,77.41
1631272731,80.70,76.28,77.40
1631272791,81.50,76.46,77.64
1631272851,80.10,76.64,77.77
1631272911,79.90,76.64,77.76
1631272971,79.50,76.82,77.94
1631273031,79.10,76.82,77.92
1631273091,79.70,76.82,77.95
1631273151,79.10,77.18,78.32
1631273211,79.80,77.18,78.35
1631273272,78.60,77.36,78.49
1631273332,77.70,77.54,78.65
1631273392,77.10,77.54,78.62
1631273452,78.10,77.90,80.08
1631273512,79.20,77.90,80.11
1631273572,77.30,77.90,80.07
1631273632,77.40,77.90,80.07
1631273692,75.50,77.54,78.54
1631273752,75.20,77.36,78.33
1631273812,77.60,77.54,78.64
1631273872,76.80,77.72,78.80
1631273932,76.30,77.90,78.98
1631273992,77.50,78.08,80.37
1631274052,77.30,78.08,80.37
1631274112,76.90,78.26,80.66
1631274172,78.10,78.44,81.02
1631274232,77.20,78.80,81.61
1631274292,76.90,79.16,82.24
1631274352,74.90,79.52,82.69
1631274412,74.70,79.88,83.32
1631274472,74.10,79.88,83.25
1631274532,74.20,79.70,82.94
1631274592,74.80,79.52,82.68
1631274652,75.10,79.16,82.08
1631274712,72.90,78.98,81.61
1631274772,73.40,78.80,81.36
1631274832,73.50,78.80,81.36
1631274892,74.00,79.16,81.99
1631274952,74.90,79.52,82.69
1631275013,73.70,79.70,82.88
1631275073,74.60,79.88,83.31
1631275133,73.80,80.24,83.86
1631275193,73.60,80.24,83.83
1631275253,72.60,80.24,83.69
1631275313,72.70,80.06,83.39
1631275373,71.40,79.88,82.92
1631275433,72.60,79.70,82.76
1631275493,72.10,79.70,82.71
1631275553,71.80,79.70,82.67
1631275613,72.00,79.88,83.00
1631275673,72.50,80.06,83.36
1631275733,73.60,80.42,84.16
1631275793,72.30,80.60,84.29
1631275853,71.50,80.60,84.17
1631275913,72.30,80.24,83.65
1631275973,71.80,80.24,83.58
1631276033,72.80,80.42,84.04
1631276093,73.00,80.42,84.07
1631276153,72.20,80.78,84.60
1631276213,71.40,80.78,84.47
1631276273,71.20,80.78,84.44
1631276333,71.30,81.14,85.10
1631276393,69.90,81.68,85.82
1631276453,70.50,82.04,86.62
1631276513,69.30,82.40,87.03
1631276573,69.40,82.76,87.75
1631276633,68.40,83.12,88.19
1631276694,68.30,83.30,88.52
1631276754,67.60,83.12,87.98
1631276814,66.70,83.30,88.08
1631276874,66.20,83.30,87.95
1631276934,65.50,83.48,88.10
1631276994,65.10,83.66,88.32
1631277054,65.30,84.02,89.06
1631277114,65.30,84.20,89.40
1631277174,65.30,84.56,90.11
1631277234,65.20,84.74,90.44
1631277294,64.80,85.10,91.03
1631277354,64.20,85.28,91.18
1631277414,64.30,85.64,91.96
1631277474,64.10,85.82,92.26
1631277534,63.70,85.64,91.73
1631277594,63.00,85.82,91.84
1631277654,62.50,86.00,92.02
1631277714,62.70,85.64,91.37
1631277774,62.30,85.64,91.22
1631277834,62.50,85.46,90.94
1631277894,62.90,85.64,91.44
1631277954,63.60,85.82,92.07
1631278014,62.40,86.18,92.35
1631278074,62.90,86.54,93.30
1631278134,63.40,86.90,94.28
1631278194,63.00,86.90,94.11
1631278254,62.50,87.26,94.67
1631278314,62.20,87.44,94.93
1631278374,62.10,87.62,95.28
1631278435,62.00,87.62,95.24
1631278495,62.30,87.08,94.20
1631278555,63.20,86.36,93.04
1631278615,62.10,86.18,92.23
1631278675,61.90,85.82,91.44
1631278735,62.40,85.28,90.56
1631278795,62.90,84.92,90.03
1631278855,64.70,84.56,89.92
1631278915,65.30,84.02,89.06
1631278975,65.40,83.66,88.40
1631279035,65.50,83.12,87.44
1631279095,65.50,82.76,86.79
1631279155,65.80,82.58,86.55
1631279215,65.90,82.40,86.25
1631279275,66.20,82.04,85.70
1631279335,65.80,81.86,85.32
1631279395,66.00,82.22,85.97
1631279455,66.40,82.94,87.34
1631279515,65.70,83.30,87.82
1631279575,65.50,83.66,88.43
1631279635,64.50,84.02,88.82
1631279695,63.80,83.84,88.29
1631279755,64.30,83.48,87.77
1631279815,65.00,83.12,87.31
1631279875,64.80,82.58,86.32
1631279935,65.10,82.22,85.77
1631279995,65.60,81.86,85.28
1631280055,66.80,81.32,84.61
1631280115,66.60,80.96,84.00
1631280175,67.00,80.78,83.78
1631280236,67.20,80.42,83.25
1631280296,67.60,80.06,82.76
1631280356,68.00,79.88,82.53
1631280416,68.50,79.70,82.32
1631280476,69.00,79.52,82.10
1631280536,69.30,79.34,81.86
1631280596,68.70,78.98,81.29
1631280656,69.00,78.80,81.06
1631280716,69.50,78.80,81.10
1631280776,69.50,78.80,81.10
1631280836,69.50,78.62,80.84
1631280896,69.90,78.44,80.62
1631280956,70.40,78.44,80.64
1631281016,70.20,78.08,78.89
1631281076,70.30,78.08,78.89
1631281136,70.10,77.90,78.68
1631281196,70.50,77.90,78.70
1631281256,70.70,77.72,78.51
1631281316,71.40,77.54,78.35
1631281376,70.50,77.54,78.31
1631281436,70.80,77.72,78.52
1631281496,71.00,78.26,80.42
1631281556,68.70,79.16,81.55
1631281616,68.20,79.88,82.56
1631281676,67.50,80.78,83.86
1631281736,66.20,81.50,84.80
1631281796,65.50,82.22,85.86
1631281856,65.90,82.94,87.21
1631281916,66.20,83.48,88.29
1631281976,64.90,84.02,88.94
1631282037,63.40,84.56,89.51
1631282097,61.60,84.92,89.61
1631282157,62.40,85.64,91.26
1631282217,61.80,86.18,92.12
1631282277,60.10,86.54,92.18
1631282337,60.30,85.82,90.86
1631282397,60.80,84.92,89.36
1631282457,62.10,84.20,88.45
1631282517,62.50,84.38,88.90
1631282577,62.40,84.74,89.53
1631282637,62.30,85.28,90.52
1631282697,62.00,85.64,91.12
1631282757,62.50,85.46,90.94
1631282817,62.20,85.64,91.19
1631282877,61.50,86.00,91.64
1631282937,61.30,86.36,92.29
1631282997,60.90,86.54,92.49
1631283057,60.30,86.72,92.62
1631283117,61.30,86.36,92.29
1631283177,61.70,86.54,92.81
1631283237,60.80,86.90,93.19
1631283297,60.90,86.72,92.86
1631283357,61.50,86.18,92.00
1631283417,62.10,85.64,91.15
1631283477,62.40,85.10,90.21
1631283537,62.10,84.56,89.10
1631283597,62.10,84.02,88.13
1631283657,61.80,83.30,86.82
1631283717,62.00,83.30,86.87
1631283777,61.60,83.48,87.07
1631283838,60.90,84.02,87.80
1631283898,60.60,84.38,88.34
1631283958,60.50,84.74,88.94
1631284018,59.70,85.28,89.66
1631284078,59.50,85.46,89.92
1631284138,59.10,85.82,90.44
1631284198,59.90,86.00,91.06
1631284258,59.50,86.36,91.60
1631284318,57.50,86.36,90.88
1631284378,58.00,86.54,91.39
1631284438,58.10,86.72,91.77
1631284498,58.60,86.90,92.31
1631284558,59.20,87.08,92.90
1631284618,58.90,87.26,93.14
1631284678,58.10,87.44,93.17
1631284738,57.50,87.44,92.92
1631284798,57.30,87.62,93.19
1631284858,57.50,87.80,93.63
1631284918,56.60,87.80,93.25
1631284978,57.30,87.98,93.91
1631285038,57.20,88.16,94.22
1631285098,57.40,88.34,94.68
1631285158,57.80,88.52,95.24
1631285218,57.00,88.70,95.24
1631285278,57.30,88.70,95.38
1631285338,56.50,88.70,95.01
1631285398,56.30,89.06,95.66
1631285458,56.40,89.24,96.08
1631285518,56.10,89.06,95.56
1631285579,56.90,88.52,94.82
1631285639,57.40,88.16,94.31
1631285699,57.80,87.62,93.40
1631285759,58.40,87.44,93.29
1631285819,58.10,87.08,92.46
1631285879,58.70,86.54,91.65
1631285939,58.80,86.00,90.67
1631285999,59.70,85.46,89.99
1631286059,60.30,84.92,89.20
1631286119,60.70,84.38,88.37
1631286179,61.10,83.84,87.55
1631286239,61.40,83.48,87.02
1631286299,61.90,83.30,86.85
1631286359,62.70,83.30,87.04
1631286419,63.10,82.94,86.53
1631286479,62.50,82.58,85.81
1631286539,61.80,82.22,85.10
1631286599,61.70,81.86,84.54
1631286659,62.50,81.50,84.15
1631286719,62.90,81.14,83.69
1631286779,63.30,80.78,83.24
1631286839,63.40,80.60,83.00
1631286899,63.60,80.42,82.77
1631286959,63.50,80.78,83.27
1631287019,62.00,82.04,84.86
1631287079,60.90,82.76,85.74
1631287139,61.10,82.76,85.79
1631287199,61.70,82.40,85.35
1631287259,61.90,82.22,85.12
1631287319,62.40,82.04,84.94
1631287380,61.70,82.04,84.81
1631287440,61.60,82.76,85.90
1631287500,60.50,84.02,87.69
1631287560,59.40,84.92,88.92
1631287620,58.20,86.18,90.79
1631287680,57.10,87.08,92.07
1631287740,57.10,87.62,93.11
1631287800,57.70,88.16,94.45
1631287860,57.10,88.34,94.55
1631287920,55.80,87.98,93.27
1631287980,56.30,87.44,92.44
1631288040,56.60,87.26,92.21
1631288100,56.70,86.54,90.92
1631288160,57.40,86.00,90.19
1631288220,57.50,85.64,89.59
1631288280,57.20,85.64,89.49
1631288340,56.70,86.18,90.27
1631288400,56.40,85.64,89.24
1631288460,57.30,85.46,89.21
1631288520,57.50,85.64,89.59
1631288580,58.20,85.10,88.87
1631288640,59.00,84.38,87.89
1631288700,58.70,84.02,87.21
1631288760,58.60,84.02,87.19
1631288820,59.70,84.02,87.48
1631288880,59.20,84.56,88.24
1631288940,57.70,85.64,89.65
1631289000,57.30,86.72,91.47
1631289060,56.10,87.62,92.70
1631289120,55.00,88.34,93.63
1631289181,54.50,88.70,94.11
1631289241,54.50,89.42,95.54
1631289301,54.40,89.96,96.61
1631289361,53.70,90.14,96.63
1631289421,54.00,90.32,97.16
1631289481,54.00,90.68,97.92
1631289541,53.50,90.32,96.90
1631289601,54.20,89.24,95.04
1631289661,56.00,87.98,93.35
1631289721,57.90,86.90,92.03
1631289781,58.10,86.00,90.43
1631289841,59.00,85.28,89.43
1631289901,59.80,84.74,88.73
1631289961,59.00,85.10,89.12
1631290021,58.90,85.28,89.40
1631290081,58.50,85.28,89.28
1631290141,59.30,84.92,88.89
1631290201,59.90,84.56,88.45
1631290261,60.30,84.56,88.56
1631290321,59.70,84.38,88.08
1631290381,59.20,84.92,88.86
1631290441,58.70,85.64,89.98
1631290501,58.70,85.82,90.31
1631290561,58.10,86.00,90.43
1631290621,57.80,85.82,90.00
1631290681,57.10,86.72,91.39
1631290741,56.60,87.44,92.56
1631290801,55.40,88.34,93.80
1631290861,54.60,88.88,94.51
1631290922,55.10,88.34,93.67
1631290982,55.90,87.80,92.96
1631291042,57.20,87.26,92.45
1631291102,56.20,87.80,93.09
1631291162,56.00,87.80,93.00
1631291222,56.50,87.26,92.18
1631291282,56.90,86.72,91.32
1631291342,57.50,86.18,90.55
1631291402,57.70,85.82,89.97
1631291462,58.30,85.46,89.53
1631291522,59.00,85.28,89.43
1631291582,58.70,85.28,89.34
1631291642,59.20,84.92,88.86
1631291702,59.20,84.74,88.55
1631291762,59.10,85.28,89.47
1631291822,58.40,85.82,90.21
1631291882,57.90,86.18,90.69
1631291942,57.20,86.18,90.44
1631292002,57.60,85.82,89.94
1631292062,57.40,85.28,88.93
1631292122,58.90,84.74,88.46
1631292182,58.60,84.38,87.77
1631292242,59.50,84.02,87.42
1631292302,59.10,84.02,87.32
1631292362,59.60,83.84,87.16
1631292422,60.00,83.66,86.96
1631292482,60.90,83.48,86.90
1631292542,61.30,83.12,86.41
1631292602,62.20,82.58,85.74
1631292662,62.20,82.22,85.18
1631292723,63.10,81.68,84.52
1631292783,64.10,81.50,84.43
1631292843,65.70,81.14,84.14
1631292903,63.90,80.60,83.07
1631292963,64.30,80.42,82.87
1631293023,64.80,80.42,82.93
1631293083,64.70,80.06,82.41
1631293143,64.90,79.88,82.19
1631293203,66.00,79.52,81.81
1631293263,66.10,79.34,81.58
1631293323,65.90,79.16,81.32
1631293383,65.40,79.16,81.28
1631293443,65.50,79.16,81.29
1631293503,66.00,78.80,80.87
1631293563,65.90,78.62,80.63
1631293623,66.30,78.26,78.90
1631293683,66.00,78.26,78.89
1631293743,66.20,78.08,78.70
1631293803,66.20,77.90,78.50
1631293863,67.50,77.72,78.36
1631293923,67.50,77.54,78.17
1631293983,68.70,77.18,77.83
1631294043,68.00,77.18,77.79
1631294103,67.30,77.00,77.56
1631294163,67.50,77.00,77.57
1631294223,67.90,76.82,77.39
1631294283,67.30,76.82,77.37
1631294343,67.60,76.64,77.18
1631294403,67.60,76.64,77.18
1631294463,69.50,76.28,76.87
1631294524,69.20,76.10,76.66
1631294584,68.60,75.92,76.44
1631294644,69.10,75.74,76.26
1631294704,69.20,75.74,76.27
1631294764,69.20,75.56,76.07
1631294824,69.10,75.56,76.06
1631294884,68.70,75.56,76.04
1631294944,67.60,75.38,75.80
1631295004,68.50,75.20,75.64
1631295064,69.00,75.20,75.66
1631295124,68.50,75.02,75.44
1631295184,67.60,75.02,75.40
1631295244,66.70,75.02,75.36
1631295304,67.50,75.02,75.39
1631295364,67.20,74.84,75.18
1631295424,67.50,74.84,75.20
1631295484,68.10,74.84,75.22
1631295544,68.80,74.84,75.26
1631295604,68.70,74.84,75.25
1631295664,67.40,75.02,75.39
1631295724,68.50,75.02,75.44
1631295784,68.40,75.02,75.44
1631295844,68.90,74.84,75.26
1631295904,69.20,74.66,75.08
1631295964,69.30,74.48,74.89
1631296024,69.00,74.30,74.67
1631296084,69.90,74.12,74.52
1631296144,69.40,74.12,74.49
1631296204,69.30,73.94,74.29
1631296264,69.50,73.94,74.30
1631296325,69.60,73.76,74.11
1631296385,69.40,73.58,73.90
1631296445,70.00,73.40,73.73
1631296505,69.60,73.40,73.71
1631296565,70.00,73.22,73.53
1631296625,70.40,73.22,73.55
1631296685,70.40,73.04,73.35
1631296745,70.70,72.86,73.17
1631296805,70.80,72.68,72.98
1631296865,70.80,72.50,72.78
1631296925,70.90,72.50,72.78
1631296985,71.60,72.32,72.62
1631297045,71.20,72.14,72.40
1631297105,72.00,72.14,72.44
1631297165,72.20,71.96,72.25
1631297225,72.40,71.96,72.26
1631297285,72.90,71.78,72.08
1631297345,72.70,71.78,72.07
1631297405,73.30,71.78,72.10
1631297465,72.40,71.78,72.06
1631297525,71.60,71.60,71.83
1631297585,72.00,71.60,71.84
1631297645,72.10,71.60,71.85
1631297705,71.60,71.60,71.83
1631297765,72.00,71.60,71.84
1631297825,72.20,71.60,71.85
1631297885,71.90,71.60,71.84
1631297945,71.90,71.60,71.84
1631298005,71.80,71.42,71.64
1631298065,72.20,71.42,71.66
1631298126,73.30,71.24,71.51
1631298186,72.80,71.24,71.49
1631298246,72.50,71.24,71.47
1631298306,72.90,71.06,71.29
1631298366,72.40,71.06,71.27
1631298426,72.80,71.06,71.29
1631298486,73.00,71.06,71.30
1631298546,73.40,71.06,71.32
1631298606,73.30,70.88,71.11
1631298666,73.40,71.06,71.32
1631298726,72.90,70.88,71.09
1631298786,73.50,70.88,71.12
1631298846,72.80,70.70,70.89
1631298906,73.10,70.70,70.91
1631298966,73.30,70.70,70.92
1631299026,73.50,70.70,70.92
1631299086,74.00,70.52,70.75
1631299146,74.30,70.52,70.76
1631299206,75.00,70.34,70.60
1631299266,74.50,70.34,70.58
1631299326,73.90,70.34,70.55
1631299386,74.40,70.34,70.57
1631299446,74.00,70.16,70.35
1631299506,74.40,70.16,70.37
1631299566,74.30,69.98,70.17
1631299626,74.30,69.98,70.17
1631299686,74.10,69.98,70.16
1631299746,74.50,69.98,70.18
1631299806,75.00,69.80,70.01
1631299867,74.60,69.80,69.99
1631299927,75.60,69.80,70.03
1631299987,74.80,69.80,70.00
1631300047,75.00,69.80,70.01
1631300107,75.80,69.80,70.04
1631300167,75.30,69.62,69.82
1631300227,75.20,69.62,69.82
1631300287,74.80,69.62,69.80
1631300347,74.40,69.44,69.58
1631300407,74.80,69.44,69.60
1631300467,74.70,69.44,69.59
1631300527,75.40,69.26,69.43
1631300587,75.00,69.26,69.41
1631300647,75.10,69.26,69.42
1631300707,75.20,69.26,69.42
1631300767,75.00,69.26,69.41
1631300827,74.70,69.08,69.20
1631300887,75.50,69.08,69.24
1631300947,75.50,69.08,69.24
1631301007,76.00,68.90,69.06
1631301067,75.90,68.90,69.06
1631301127,75.30,68.90,69.03
1631301187,75.80,68.90,69.05
1631301247,75.70,68.72,68.85
1631301307,75.40,68.72,68.84
1631301367,75.00,68.72,68.82
1631301427,75.70,68.72,68.85
1631301487,75.80,68.54,68.66
1631301547,75.80,68.54,68.66
1631301607,75.70,68.54,68.65
1631301668,75.30,68.54,68.63
1631301728,75.10,68.54,68.62
1631301788,76.00,68.36,68.47
1631301848,75.60,68.36,68.45
1631301908,76.30,68.36,68.48
1631301968,75.80,68.36,68.46
1631302028,76.20,68.18,68.28
1631302088,75.70,68.18,68.26
1631302148,76.00,68.18,68.27
1631302208,76.00,68.18,68.27
1631302268,76.20,68.18,68.28
1631302328,75.80,68.00,68.06
1631302388,76.30,68.00,68.09
1631302448,76.50,67.82,67.90
1631302508,76.80,67.82,67.91
1631302568,76.70,67.82,67.91
1631302628,76.90,67.82,67.92
1631302688,76.10,67.64,67.68
1631302748,76.10,67.64,67.68
1631302808,76.20,67.64,67.69
1631302868,77.80,67.64,67.76
1631302928,76.90,67.46,67.52
1631302988,76.50,67.46,67.50
1631303048,76.10,67.46,67.48
1631303108,76.60,67.28,67.31
1631303168,77.30,67.28,67.34
1631303228,77.10,67.10,67.13
1631303288,77.40,67.10,67.15
1631303348,77.30,67.10,67.14
1631303408,77.20,66.92,66.94
1631303469,77.40,66.92,66.95
1631303529,77.70,66.92,66.96
1631303589,78.00,66.92,66.98
1631303649,78.40,66.92,67.00
1631303709,78.50,66.92,67.00
1631303769,77.60,66.74,66.76
1631303829,77.90,66.74,66.78
1631303889,77.90,66.74,66.78
1631303949,79.00,66.74,66.83
1631304009,78.30,66.56,66.60
1631304069,78.40,66.56,66.60
1631304129,78.80,66.56,66.62
1631304189,78.70,66.56,66.61
1631304249,78.50,66.56,66.61
1631304309,78.90,66.38,66.43
1631304369,78.10,66.38,66.39
1631304429,78.30,66.38,66.40
1631304489,78.10,66.38,66.39
1631304549,78.60,66.38,66.41
1631304609,78.30,66.20,66.20
1631304669,79.10,66.20,66.24
1631304729,79.30,66.20,66.25
1631304789,78.80,66.20,66.22
1631304849,79.10,66.02,66.04
1631304909,79.20,66.02,66.04
1631304969,79.20,66.02,66.04
1631305029,79.20,66.02,66.04
1631305089,79.30,66.02,66.05
1631305149,79.10,66.02,66.04
1631305209,79.20,65.84,65.85
1631305270,79.10,66.02,66.04
1631305330,79.00,66.02,66.03
1631305390,79.30,66.02,66.05
1631305450,79.00,66.02,66.03
1631305510,78.70,66.02,66.02
1631305570,79.00,66.02,66.03
1631305630,79.70,65.84,65.87
1631305690,80.10,65.84,65.89
1631305750,79.70,65.84,65.87
1631305810,79.70,66.02,66.07
1631305870,79.40,65.84,65.86
1631305930,79.30,65.84,65.85
1631305990,79.60,65.84,65.87
1631306050,79.20,65.84,65.85
1631306110,79.80,65.84,65.87
1631306170,79.30,65.84,65.85
1631306230,79.60,65.84,65.87
1631306290,79.60,65.84,65.87
1631306350,79.00,65.84,65.84
1631306410,78.10,65.66,65.60
1631306470,79.40,65.66,65.66
1631306530,79.80,65.66,65.68
1631306590,79.60,65.48,65.47
1631306650,79.40,65.48,65.46
1631306710,80.30,65.66,65.70
1631306770,80.40,65.48,65.51
1631306830,79.90,65.48,65.48
1631306890,80.00,65.48,65.49
1631306950,78.50,65.48,65.42
1631307010,79.10,65.48,65.45
1631307071,78.70,65.48,65.43
1631307131,78.40,65.48,65.41
1631307191,78.30,65.48,65.41
1631307251,79.00,65.48,65.44
1631307311,78.70,65.48,65.43
1631307371,79.20,65.48,65.45
1631307431,78.50,65.30,65.22
1631307491,78.60,65.30,65.22
1631307551,78.20,65.30,65.21
1631307611,78.70,65.48,65.43
1631307671,78.20,65.30,65.21
1631307731,79.10,65.30,65.25
1631307791,78.90,65.30,65.24
1631307851,78.30,65.30,65.21
1631307911,78.00,65.30,65.20
1631307971,78.30,65.30,65.21
1631308031,78.10,65.12,65.00
1631308091,78.00,65.12,65.00
1631308151,78.10,65.12,65.00
1631308211,78.00,65.12,65.00
1631308271,77.60,65.12,64.98
1631308331,79.40,65.12,65.06
1631308391,78.30,64.94,64.81
1631308451,78.30,64.94,64.81
1631308511,78.50,64.94,64.82
1631308571,78.60,64.94,64.83
1631308631,78.70,64.94,64.83
1631308691,79.00,64.94,64.85
1631308751,78.60,64.76,64.63
1631308811,78.20,64.76,64.61
1631308872,78.20,64.76,64.61
1631308932,78.70,64.76,64.63
1631308992,78.10,64.76,64.61
1631309052,79.10,64.76,64.65
1631309112,78.70,64.76,64.63
1631309172,78.60,64.76,64.63
1631309232,78.10,64.58,64.41
1631309292,79.00,64.58,64.45
1631309352,78.30,64.58,64.42
1631309412,78.60,64.58,64.43
1631309472,79.10,64.40,64.26
1631309532,78.90,64.40,64.25
1631309592,78.70,64.40,64.24
1631309652,79.10,64.22,64.06
1631309712,79.10,64.22,64.06
1631309772,79.90,64.22,64.10
1631309832,79.20,64.22,64.06
1631309892,79.80,64.22,64.09
1631309952,79.20,64.22,64.06
1631310012,78.50,64.04,63.83
1631310072,78.50,64.04,63.83
1631310132,78.30,64.04,63.82
1631310192,78.70,64.04,63.84
1631310252,78.40,63.86,63.63
1631310312,79.10,63.86,63.66
1631310372,79.20,63.86,63.67
1631310432,79.20,63.86,63.67
1631310492,79.50,63.86,63.68
1631310552,79.30,63.86,63.67
1631310612,80.20,63.86,63.72
1631310673,80.50,63.86,63.73
1631310733,79.80,63.86,63.70
1631310793,79.70,63.68,63.49
1631310853,79.90,63.68,63.50
1631310913,79.80,63.68,63.50
1631310973,80.20,63.50,63.32
1631311033,80.60,63.50,63.34
1631311093,80.60,63.50,63.34
1631311153,80.80,63.32,63.15
1631311213,79.70,63.32,63.10
1631311273,79.80,63.32,63.10
1631311333,80.10,63.14,62.92
1631311393,80.60,63.14,62.94
1631311453,80.30,63.14,62.93
1631311513,80.30,63.14,62.93
1631311573,80.50,63.14,62.94
1631311633,80.10,63.14,62.92
1631311693,80.90,62.96,62.76
1631311753,80.60,62.96,62.74
1631311813,80.60,62.96,62.74
1631311873,80.40,62.96,62.73
1631311933,80.10,62.96,62.72
1631311993,80.50,62.96,62.74
1631312053,79.90,62.96,62.71
1631312113,80.10,62.96,62.72
1631312173,80.40,62.96,62.73
1631312233,81.60,62.96,62.79
1631312293,81.90,62.96,62.81
1631312353,81.40,62.96,62.78
1631312414,82.20,62.96,62.82
1631312474,82.50,62.96,62.83
1631312534,82.10,62.96,62.81
1631312594,82.30,62.96,62.82
1631312654,83.20,62.96,62.87
1631312714,82.90,62.78,62.65
1631312774,83.20,62.78,62.67
1631312834,82.00,62.78,62.61
1631312894,82.00,62.78,62.61
1631312954,81.90,62.60,62.41
1631313014,81.70,62.60,62.40
1631313074,82.00,62.60,62.41
1631313134,82.20,62.60,62.42
1631313194,82.30,62.60,62.43
1631313254,83.30,62.42,62.28
1631313314,82.40,62.42,62.23
1631313374,82.80,62.42,62.25
1631313434,83.00,62.42,62.26
1631313494,83.20,62.42,62.27
1631313554,82.80,62.24,62.06
1631313614,83.00,62.24,62.07
1631313674,82.70,62.24,62.05
1631313734,83.10,62.06,61.87
1631313794,83.30,62.24,62.08
1631313854,83.00,62.24,62.07
1631313914,84.20,62.24,62.12
1631313974,83.80,62.24,62.10
1631314034,84.10,62.24,62.12
1631314094,83.70,62.24,62.10
1631314154,83.70,62.24,62.10
1631314215,83.50,62.24,62.09
1631314275,81.70,62.24,62.00
1631314335,81.10,62.06,61.78
1631314395,80.40,62.06,61.74
1631314455,81.10,62.06,61.78
1631314515,81.40,61.88,61.59
1631314575,81.90,61.88,61.62
1631314635,82.00,61.88,61.62
1631314695,82.50,61.88,61.65
1631314755,83.10,61.70,61.48
1631314815,83.30,61.70,61.49
1631314875,82.90,61.52,61.27
1631314935,82.90,61.52,61.27
1631314995,83.00,61.34,61.08
1631315055,83.80,61.34,61.11
1631315115,84.10,61.34,61.13
1631315175,84.20,61.34,61.13
1631315235,84.70,61.34,61.15
1631315295,84.30,61.34,61.14
1631315355,83.90,61.16,60.92
1631315415,84.20,61.16,60.93
1631315475,84.60,61.16,60.95
1631315535,84.00,61.16,60.92
1631315595,84.70,61.16,60.96
1631315655,84.50,61.16,60.95
1631315715,84.20,61.16,60.93
1631315775,84.50,61.16,60.95
1631315835,84.40,61.16,60.94
1631315895,84.50,60.98,60.75
1631315955,84.50,60.98,60.75
1631316016,84.90,60.98,60.77
1631316076,85.00,60.80,60.58
1631316136,85.30,60.80,60.59
1631316196,85.80,60.80,60.61
1631316256,86.00,60.80,60.62
1631316316,86.10,60.80,60.63
1631316376,86.00,60.62,60.42
1631316436,86.40,60.62,60.44
1631316496,86.00,60.62,60.42
1631316556,86.10,60.44,60.23
1631316616,86.40,60.44,60.24
1631316676,86.50,60.44,60.25
1631316736,86.40,60.44,60.24
1631316796,86.50,60.26,60.05
1631316856,86.90,60.26,60.07
1631316916,87.20,60.26,60.08
1631316976,86.90,60.26,60.07
1631317036,87.10,60.26,60.08
1631317096,86.80,60.26,60.07
1631317156,87.10,60.26,60.08
1631317216,87.50,60.08,59.90
1631317276,87.40,60.08,59.90
1631317336,87.50,60.08,59.90
1631317396,87.70,59.90,59.71
1631317456,87.90,59.90,59.72
1631317516,87.60,59.90,59.71
1631317576,87.90,59.72,59.52
1631317636,87.80,59.72,59.52
1631317696,88.00,59.72,59.53
1631317756,88.30,59.72,59.54
1631317817,88.10,59.90,59.73
1631317877,88.20,59.90,59.74
1631317937,88.30,59.90,59.74
1631317997,88.70,59.90,59.76
1631318057,88.80,59.90,59.76
1631318117,88.90,59.90,59.77
1631318177,89.10,59.90,59.78
1631318237,88.70,59.90,59.76
1631318297,88.50,59.90,59.75
