1627704016.0,70.40,62.96,62.26
1627704046.0,70.20,62.96,62.26
1627704076.0,70.40,62.96,62.26
1627704106.0,70.60,62.96,62.27
1627704136.0,70.40,62.96,62.26
1627704166.0,70.70,62.96,62.28
1627704196.0,70.90,62.96,62.29
1627704226.0,71.10,62.78,62.10
1627704256.0,71.40,62.96,62.31
1627704286.0,71.10,62.78,62.10
1627704316.0,71.10,62.96,62.30
1627704346.0,71.10,62.96,62.30
1627704376.0,70.70,62.96,62.28
1627704406.0,70.70,62.78,62.08
1627704436.0,70.60,62.78,62.08
1627704466.0,70.50,62.78,62.07
1627704496.0,70.70,62.78,62.08
1627704526.0,70.90,62.78,62.09
1627704556.0,70.70,62.78,62.08
1627704586.0,70.80,62.78,62.09
1627704616.0,70.60,62.78,62.08
1627704646.0,70.90,62.78,62.09
1627704676.0,70.60,62.60,61.88
1627704705.0,70.70,62.60,61.88
1627704735.0,70.70,62.60,61.88
1627704765.0,70.90,62.60,61.89
1627704795.0,71.20,62.60,61.91
1627704825.0,71.10,62.60,61.90
1627704855.0,71.10,62.60,61.90
1627704885.0,71.20,62.60,61.91
1627704915.0,71.30,62.60,61.91
1627704945.0,70.90,62.60,61.89
1627704975.0,71.00,62.60,61.90
1627705005.0,70.70,62.60,61.88
1627705035.0,70.70,62.60,61.88
1627705065.0,71.00,62.60,61.90
1627705095.0,70.80,62.60,61.89
1627705125.0,70.90,62.60,61.89
1627705155.0,71.00,62.60,61.90
1627705185.0,70.70,62.60,61.88
1627705215.0,70.60,62.60,61.88
1627705245.0,70.90,62.60,61.89
1627705275.0,71.30,62.60,61.91
1627705305.0,71.00,62.60,61.90
1627705335.0,70.50,62.60,61.87
1627705365.0,70.70,62.60,61.88
1627705395.0,70.40,62.60,61.87
1627705425.0,70.80,62.60,61.89
1627705455.0,71.20,62.60,61.91
1627705485.0,71.40,62.60,61.92
1627705515.0,71.00,62.60,61.90
1627705545.0,70.90,62.60,61.89
1627705575.0,71.10,62.60,61.90
1627705604.0,71.40,62.60,61.92
1627705634.0,71.70,62.60,61.93
1627705664.0,71.70,62.42,61.73
1627705694.0,71.70,62.42,61.73
1627705724.0,72.00,62.42,61.75
1627705754.0,72.50,62.42,61.77
1627705784.0,72.40,62.42,61.76
1627705814.0,72.30,62.42,61.76
1627705844.0,72.80,62.42,61.78
1627705874.0,72.50,62.42,61.77
1627705904.0,72.50,62.42,61.77
1627705934.0,72.50,62.24,61.57
1627705964.0,72.20,62.42,61.76
1627705994.0,72.00,62.24,61.55
1627706024.0,71.80,62.24,61.54
1627706054.0,72.20,62.24,61.56
1627706084.0,72.30,62.42,61.76
1627706114.0,71.80,62.42,61.74
1627706144.0,71.80,62.42,61.74
1627706174.0,71.60,62.42,61.73
1627706204.0,71.60,62.42,61.73
1627706234.0,71.50,62.42,61.72
1627706264.0,72.00,62.42,61.75
1627706294.0,71.90,62.24,61.54
1627706324.0,71.90,62.24,61.54
1627706354.0,71.70,62.24,61.53
1627706384.0,71.90,62.24,61.54
1627706414.0,71.90,62.42,61.74
1627706444.0,71.70,62.24,61.53
1627706474.0,71.70,62.24,61.53
1627706503.0,71.80,62.24,61.54
1627706533.0,72.00,62.24,61.55
1627706563.0,72.20,62.24,61.56
1627706593.0,72.20,62.24,61.56
1627706623.0,72.00,62.24,61.55
1627706653.0,71.50,62.24,61.52
1627706683.0,71.50,62.24,61.52
1627706713.0,71.60,62.24,61.53
1627706743.0,71.50,62.24,61.52
1627706773.0,71.60,62.06,61.33
1627706803.0,71.70,62.06,61.34
1627706833.0,71.80,62.06,61.34
1627706863.0,71.90,62.06,61.35
1627706893.0,72.10,62.06,61.35
1627706923.0,72.20,62.06,61.36
1627706953.0,72.20,62.06,61.36
1627706983.0,72.10,62.06,61.35
1627707013.0,72.00,62.06,61.35
1627707043.0,72.10,62.06,61.35
1627707073.0,71.90,62.06,61.35
1627707103.0,72.10,62.06,61.35
1627707133.0,72.20,62.06,61.36
1627707163.0,72.10,61.88,61.16
1627707193.0,72.10,61.88,61.16
1627707223.0,72.10,61.88,61.16
1627707253.0,72.20,61.88,61.16
1627707283.0,72.50,61.88,61.18
1627707313.0,72.40,61.88,61.17
1627707343.0,72.50,61.88,61.18
1627707373.0,71.80,61.88,61.14
1627707403.0,72.20,61.88,61.16
1627707432.0,72.20,61.88,61.16
1627707462.0,72.30,61.88,61.17
1627707492.0,71.80,61.88,61.14
1627707522.0,71.90,61.88,61.15
1627707552.0,71.80,61.88,61.14
1627707582.0,71.90,61.88,61.15
1627707612.0,72.00,61.88,61.15
1627707642.0,72.10,61.88,61.16
1627707672.0,72.00,61.88,61.15
1627707702.0,72.00,61.88,61.15
1627707732.0,72.20,61.88,61.16
1627707762.0,72.40,61.88,61.17
1627707792.0,72.20,61.88,61.16
1627707822.0,71.50,61.88,61.13
1627707852.0,71.40,61.88,61.12
1627707882.0,71.60,61.88,61.13
1627707912.0,72.10,61.88,61.16
1627707942.0,72.10,61.70,60.96
1627707972.0,72.10,61.70,60.96
1627708002.0,72.00,61.70,60.95
1627708032.0,72.10,61.70,60.96
1627708062.0,72.00,61.70,60.95
1627708092.0,71.40,61.70,60.93
1627708122.0,71.50,61.70,60.93
1627708152.0,71.70,61.70,60.94
1627708182.0,71.80,61.70,60.94
1627708212.0,71.90,61.70,60.95
1627708242.0,72.10,61.70,60.96
1627708272.0,72.10,61.52,60.76
1627708302.0,72.30,61.70,60.97
1627708331.0,71.80,61.70,60.94
1627708361.0,71.50,61.70,60.93
1627708391.0,72.00,61.70,60.95
1627708421.0,72.10,61.70,60.96
1627708451.0,72.10,61.70,60.96
1627708481.0,71.50,61.70,60.93
1627708511.0,71.50,61.52,60.73
1627708541.0,71.20,61.52,60.72
1627708571.0,71.10,61.52,60.71
1627708601.0,71.00,61.52,60.71
1627708631.0,71.10,61.52,60.71
1627708661.0,71.00,61.52,60.71
1627708691.0,70.90,61.52,60.70
1627708721.0,70.90,61.52,60.70
1627708751.0,70.80,61.52,60.70
1627708781.0,70.70,61.52,60.69
1627708811.0,70.40,61.52,60.68
1627708841.0,70.40,61.34,60.48
1627708871.0,70.60,61.34,60.49
1627708901.0,70.70,61.34,60.50
1627708931.0,70.70,61.34,60.50
1627708961.0,70.80,61.16,60.30
1627708991.0,71.00,61.16,60.31
1627709021.0,71.10,61.16,60.32
1627709051.0,71.40,61.16,60.33
1627709081.0,71.80,61.16,60.35
1627709111.0,71.80,61.16,60.35
1627709141.0,71.80,61.16,60.35
1627709171.0,71.90,60.98,60.16
1627709201.0,71.90,60.98,60.16
1627709231.0,72.60,60.98,60.19
1627709260.0,72.30,61.16,60.37
1627709290.0,72.30,61.16,60.37
1627709320.0,72.40,61.16,60.38
1627709350.0,73.10,61.16,60.41
1627709380.0,73.40,61.16,60.43
1627709410.0,73.10,60.98,60.21
1627709440.0,73.00,60.98,60.21
1627709470.0,73.30,60.98,60.22
1627709500.0,73.20,61.16,60.42
1627709530.0,73.40,61.16,60.43
1627709560.0,73.60,61.16,60.44
1627709590.0,73.30,61.16,60.42
1627709620.0,73.10,61.16,60.41
1627709650.0,73.00,60.98,60.21
1627709680.0,72.90,60.98,60.20
1627709710.0,73.60,60.98,60.24
1627709740.0,74.20,60.98,60.27
1627709770.0,74.40,60.98,60.27
1627709800.0,74.20,60.98,60.27
1627709830.0,74.30,61.16,60.47
1627709860.0,74.30,61.16,60.47
1627709890.0,74.50,61.16,60.48
1627709920.0,74.80,61.16,60.49
1627709950.0,74.80,61.16,60.49
1627709980.0,74.80,61.16,60.49
1627710010.0,74.80,61.16,60.49
1627710040.0,74.50,61.16,60.48
1627710070.0,74.80,61.16,60.49
1627710100.0,75.20,61.16,60.51
1627710130.0,75.30,60.98,60.32
1627710160.0,74.80,60.98,60.29
1627710189.0,74.80,60.98,60.29
1627710219.0,75.20,60.98,60.31
1627710249.0,75.60,60.98,60.33
1627710279.0,75.70,60.98,60.34
1627710309.0,75.50,60.80,60.13
1627710339.0,75.50,60.80,60.13
1627710369.0,75.50,60.98,60.33
1627710399.0,74.90,60.98,60.30
1627710429.0,74.60,60.98,60.28
1627710459.0,74.30,60.80,60.07
1627710489.0,74.30,60.98,60.27
1627710519.0,74.00,60.98,60.26
1627710549.0,73.90,60.98,60.25
1627710579.0,73.80,60.98,60.25
1627710609.0,73.90,60.80,60.05
1627710639.0,74.10,60.98,60.26
1627710669.0,73.80,60.80,60.05
1627710699.0,73.80,60.80,60.05
1627710729.0,74.00,60.80,60.06
1627710759.0,74.40,60.80,60.08
1627710789.0,74.40,60.80,60.08
1627710819.0,74.40,60.80,60.08
1627710849.0,73.90,60.80,60.05
1627710879.0,74.30,60.80,60.07
1627710909.0,74.50,60.80,60.08
1627710939.0,74.10,60.80,60.06
1627710969.0,73.80,60.80,60.05
1627710999.0,73.60,60.80,60.04
1627711029.0,73.60,60.80,60.04
1627711059.0,73.90,60.80,60.05
1627711089.0,74.40,60.62,59.88
1627711118.0,74.40,60.62,59.88
1627711148.0,74.50,60.62,59.88
1627711178.0,74.50,60.62,59.88
1627711208.0,74.70,60.62,59.89
1627711238.0,74.40,60.62,59.88
1627711268.0,74.50,60.44,59.69
1627711298.0,74.50,60.44,59.69
1627711328.0,74.50,60.44,59.69
1627711358.0,74.70,60.44,59.69
1627711388.0,75.10,60.44,59.71
1627711418.0,75.00,60.44,59.71
1627711448.0,75.30,60.44,59.72
1627711478.0,75.20,60.44,59.72
1627711508.0,75.10,60.44,59.71
1627711538.0,75.50,60.44,59.73
1627711568.0,75.50,60.44,59.73
1627711598.0,75.30,60.62,59.92
1627711628.0,74.80,60.62,59.90
1627711658.0,75.00,60.62,59.91
1627711688.0,75.10,60.62,59.91
1627711718.0,74.90,60.62,59.90
1627711748.0,75.00,60.62,59.91
1627711778.0,74.70,60.62,59.89
1627711808.0,74.70,60.62,59.89
1627711838.0,74.30,60.62,59.87
1627711868.0,74.30,60.62,59.87
1627711898.0,74.80,60.44,59.70
1627711928.0,75.10,60.44,59.71
1627711957.0,75.10,60.44,59.71
1627711987.0,74.90,60.44,59.70
1627712017.0,75.10,60.62,59.91
1627712047.0,74.60,60.44,59.69
1627712077.0,74.60,60.62,59.89
1627712107.0,74.50,60.62,59.88
1627712137.0,74.30,60.62,59.87
1627712167.0,74.30,60.62,59.87
1627712197.0,74.60,60.62,59.89
1627712227.0,74.70,60.62,59.89
1627712257.0,74.10,60.62,59.86
1627712287.0,74.30,60.62,59.87
1627712317.0,74.40,60.62,59.88
1627712347.0,74.30,60.62,59.87
1627712377.0,73.70,60.62,59.85
1627712407.0,73.70,60.62,59.85
1627712437.0,73.90,60.62,59.86
1627712467.0,73.90,60.62,59.86
1627712497.0,74.40,60.62,59.88
1627712527.0,74.30,60.44,59.68
1627712557.0,74.30,60.62,59.87
1627712587.0,74.10,60.62,59.86
1627712617.0,74.30,60.62,59.87
1627712647.0,74.00,60.62,59.86
1627712677.0,74.00,60.62,59.86
1627712707.0,74.10,60.62,59.86
1627712737.0,74.40,60.62,59.88
1627712767.0,74.30,60.62,59.87
1627712797.0,74.50,60.62,59.88
1627712827.0,74.40,60.62,59.88
1627712856.0,74.40,60.62,59.88
1627712886.0,74.50,60.44,59.69
1627712916.0,74.40,60.44,59.68
1627712946.0,74.20,60.44,59.67
1627712976.0,74.30,60.44,59.68
1627713006.0,74.30,60.44,59.68
1627713036.0,74.50,60.44,59.69
1627713066.0,74.60,60.44,59.69
1627713096.0,74.40,60.44,59.68
1627713126.0,74.50,60.26,59.49
1627713156.0,74.70,60.26,59.50
1627713186.0,74.70,60.26,59.50
1627713216.0,74.80,60.26,59.50
1627713246.0,74.60,60.26,59.49
1627713276.0,74.70,60.26,59.50
1627713306.0,74.50,60.26,59.49
1627713336.0,74.70,60.26,59.50
1627713366.0,74.60,60.26,59.49
1627713396.0,74.20,60.26,59.47
1627713426.0,74.20,60.26,59.47
1627713456.0,74.50,60.26,59.49
1627713486.0,74.90,60.44,59.70
1627713516.0,74.70,60.26,59.50
1627713546.0,74.70,60.26,59.50
1627713576.0,74.80,60.26,59.50
1627713606.0,75.00,60.26,59.51
1627713636.0,74.70,60.26,59.50
1627713666.0,74.80,60.26,59.50
1627713696.0,75.00,60.26,59.51
1627713726.0,74.90,60.26,59.51
1627713755.0,74.90,60.44,59.70
1627713785.0,75.00,60.44,59.71
1627713815.0,74.90,60.44,59.70
1627713845.0,74.90,60.44,59.70
1627713875.0,74.40,60.44,59.68
1627713905.0,74.40,60.26,59.48
1627713935.0,74.60,60.26,59.49
1627713965.0,74.30,60.26,59.48
1627713995.0,74.60,60.26,59.49
1627714025.0,74.70,60.26,59.50
1627714055.0,74.50,60.26,59.49
1627714085.0,74.30,60.44,59.68
1627714115.0,74.10,60.44,59.67
1627714145.0,74.20,60.44,59.67
1627714175.0,74.30,60.44,59.68
1627714205.0,73.50,60.44,59.64
1627714235.0,73.70,60.44,59.65
1627714265.0,73.50,60.44,59.64
1627714295.0,73.90,60.26,59.46
1627714325.0,74.10,60.26,59.47
1627714355.0,74.20,60.26,59.47
1627714385.0,74.00,60.26,59.46
1627714415.0,73.90,60.26,59.46
1627714445.0,74.00,60.26,59.46
1627714475.0,73.90,60.26,59.46
1627714505.0,73.70,60.26,59.45
1627714535.0,74.10,60.26,59.47
1627714565.0,73.80,60.26,59.45
1627714595.0,73.80,60.26,59.45
1627714625.0,74.70,60.26,59.50
1627714654.0,74.70,60.26,59.50
1627714684.0,74.80,60.26,59.50
1627714714.0,74.90,60.26,59.51
1627714744.0,74.90,60.26,59.51
1627714774.0,74.90,60.26,59.51
1627714804.0,75.30,60.26,59.53
1627714834.0,75.80,60.26,59.55
1627714864.0,75.70,60.26,59.54
1627714894.0,75.90,60.26,59.55
1627714924.0,75.10,60.08,59.32
1627714954.0,75.20,60.08,59.32
1627714984.0,75.90,60.08,59.36
1627715014.0,75.80,60.08,59.35
1627715044.0,75.90,60.08,59.36
1627715074.0,76.50,60.08,59.38
1627715104.0,76.50,60.08,59.38
1627715134.0,76.60,60.08,59.39
1627715164.0,76.30,60.08,59.37
1627715194.0,76.80,60.08,59.40
1627715224.0,76.30,59.90,59.18
1627715254.0,76.20,59.90,59.17
1627715284.0,76.10,59.90,59.17
1627715314.0,76.10,59.90,59.17
1627715344.0,76.00,59.72,58.96
1627715374.0,75.80,59.72,58.95
1627715404.0,75.90,59.72,58.96
1627715434.0,76.00,59.72,58.96
1627715464.0,76.20,59.72,58.97
1627715494.0,76.30,59.72,58.98
1627715524.0,76.30,59.72,58.98
1627715554.0,76.40,59.72,58.98
1627715583.0,76.50,59.54,58.79
1627715613.0,76.50,59.54,58.79
1627715643.0,76.60,59.54,58.79
1627715673.0,76.40,59.54,58.78
1627715703.0,76.70,59.54,58.80
1627715733.0,77.00,59.54,58.81
1627715763.0,76.50,59.36,58.59
1627715793.0,77.00,59.36,58.62
1627715823.0,77.10,59.54,58.82
1627715853.0,77.00,59.36,58.62
1627715883.0,77.20,59.36,58.62
1627715913.0,77.30,59.36,58.63
1627715943.0,76.90,59.36,58.61
1627715973.0,77.00,59.36,58.62
1627716003.0,77.20,59.36,58.62
1627716033.0,77.30,59.18,58.43
1627716063.0,77.70,59.18,58.45
1627716093.0,77.40,59.18,58.44
1627716123.0,77.40,59.18,58.44
1627716153.0,77.60,59.36,58.64
1627716183.0,77.70,59.36,58.65
1627716213.0,77.60,59.18,58.45
1627716243.0,77.50,59.18,58.44
1627716273.0,77.30,59.18,58.43
1627716303.0,77.20,59.18,58.43
1627716333.0,77.10,59.18,58.42
1627716363.0,77.30,59.18,58.43
1627716393.0,76.90,59.18,58.41
1627716423.0,76.80,59.00,58.21
1627716453.0,76.60,59.00,58.20
1627716483.0,76.80,59.00,58.21
1627716512.0,77.10,59.00,58.22
1627716542.0,76.70,59.00,58.20
1627716572.0,76.30,59.18,58.38
1627716602.0,76.20,59.18,58.38
1627716632.0,76.30,59.00,58.19
1627716662.0,76.30,59.18,58.38
1627716692.0,76.60,59.00,58.20
1627716722.0,76.10,59.00,58.18
1627716752.0,75.90,59.00,58.17
1627716782.0,76.20,59.00,58.18
1627716812.0,76.00,59.00,58.17
1627716842.0,75.90,59.00,58.17
1627716872.0,75.60,59.00,58.15
1627716902.0,75.70,59.00,58.16
1627716932.0,75.70,58.82,57.96
1627716962.0,76.00,58.82,57.97
1627716992.0,75.80,58.82,57.96
1627717022.0,76.20,58.82,57.98
1627717052.0,76.60,58.82,58.00
1627717082.0,76.40,58.82,57.99
1627717112.0,76.40,58.82,57.99
1627717142.0,75.90,58.82,57.97
1627717172.0,76.30,58.82,57.99
1627717202.0,76.30,58.82,57.99
1627717232.0,75.90,58.82,57.97
1627717262.0,75.90,58.82,57.97
1627717292.0,75.90,58.82,57.97
1627717322.0,75.50,58.82,57.95
1627717352.0,75.70,58.82,57.96
1627717382.0,75.90,58.82,57.97
1627717412.0,76.40,58.82,57.99
1627717441.0,76.00,58.82,57.97
1627717471.0,76.30,58.82,57.99
1627717501.0,76.00,58.82,57.97
1627717531.0,75.80,58.82,57.96
1627717561.0,76.40,58.82,57.99
1627717591.0,76.50,58.82,58.00
1627717621.0,76.10,59.00,58.18
1627717651.0,76.10,58.82,57.98
1627717681.0,75.90,58.82,57.97
1627717711.0,76.40,58.82,57.99
1627717741.0,76.00,58.82,57.97
1627717771.0,75.70,58.82,57.96
1627717801.0,75.60,58.82,57.96
1627717831.0,75.70,58.82,57.96
1627717861.0,75.80,58.82,57.96
1627717891.0,75.80,58.82,57.96
1627717921.0,75.60,58.82,57.96
1627717951.0,75.40,58.82,57.95
1627717981.0,75.60,58.82,57.96
1627718011.0,75.40,58.82,57.95
1627718041.0,75.30,58.82,57.94
1627718071.0,75.00,58.82,57.93
1627718101.0,75.00,58.82,57.93
1627718131.0,75.00,58.82,57.93
1627718161.0,75.10,58.82,57.93
1627718191.0,74.70,58.82,57.91
1627718221.0,74.50,58.64,57.71
1627718251.0,75.00,58.64,57.73
1627718281.0,75.20,58.64,57.74
1627718310.0,75.00,58.64,57.73
1627718340.0,75.00,58.64,57.73
1627718370.0,74.90,58.64,57.72
1627718400.0,74.80,58.82,57.92
1627718430.0,74.60,58.82,57.91
1627718460.0,74.70,58.82,57.91
1627718490.0,75.00,58.82,57.93
1627718520.0,74.90,58.82,57.92
1627718550.0,74.80,58.82,57.92
1627718580.0,75.40,58.82,57.95
1627718610.0,75.40,58.82,57.95
1627718640.0,75.40,58.82,57.95
1627718670.0,75.10,59.00,58.13
1627718700.0,75.10,59.00,58.13
1627718730.0,75.00,59.00,58.13
1627718760.0,75.30,59.00,58.14
1627718790.0,75.30,59.00,58.14
1627718820.0,75.00,59.00,58.13
1627718850.0,74.80,59.00,58.12
1627718880.0,75.10,59.00,58.13
1627718910.0,75.30,59.00,58.14
1627718940.0,75.30,59.00,58.14
1627718970.0,75.40,59.00,58.14
1627719000.0,75.70,59.00,58.16
1627719030.0,75.80,59.00,58.16
1627719060.0,75.50,59.00,58.15
1627719090.0,75.60,59.00,58.15
1627719120.0,76.00,59.00,58.17
1627719150.0,76.60,59.00,58.20
1627719179.0,76.40,59.00,58.19
1627719209.0,76.70,59.00,58.20
1627719239.0,77.10,59.00,58.22
1627719269.0,77.50,59.00,58.24
1627719299.0,77.30,59.00,58.23
1627719329.0,77.60,59.00,58.25
1627719359.0,77.70,59.00,58.25
1627719389.0,77.50,59.00,58.24
1627719419.0,77.70,58.82,58.05
1627719449.0,77.80,58.82,58.06
1627719479.0,77.50,58.82,58.04
1627719509.0,77.70,58.82,58.05
1627719539.0,77.70,58.82,58.05
1627719569.0,77.40,58.82,58.04
1627719599.0,76.90,58.82,58.02
1627719629.0,76.90,58.82,58.02
1627719659.0,77.00,58.82,58.02
1627719689.0,76.90,58.82,58.02
1627719719.0,76.50,58.82,58.00
1627719749.0,76.50,58.82,58.00
1627719779.0,76.20,58.82,57.98
1627719809.0,76.60,58.82,58.00
1627719839.0,76.10,58.82,57.98
1627719869.0,76.00,58.82,57.97
1627719899.0,76.50,58.82,58.00
1627719929.0,76.70,58.82,58.01
1627719959.0,75.80,58.82,57.96
1627719989.0,76.10,58.82,57.98
1627720019.0,76.60,58.82,58.00
1627720049.0,76.50,58.82,58.00
1627720078.0,76.20,58.82,57.98
1627720108.0,76.30,58.82,57.99
1627720138.0,76.20,58.82,57.98
1627720168.0,76.40,58.82,57.99
1627720198.0,76.50,58.82,58.00
1627720228.0,76.30,58.64,57.79
1627720258.0,76.00,58.64,57.78
1627720288.0,75.90,58.64,57.77
1627720318.0,76.40,58.64,57.79
1627720348.0,76.30,58.64,57.79
1627720378.0,76.40,58.64,57.79
1627720408.0,76.20,58.64,57.79
1627720438.0,76.30,58.64,57.79
1627720468.0,76.10,58.64,57.78
1627720498.0,76.30,58.82,57.99
1627720528.0,76.30,58.64,57.79
1627720558.0,76.30,58.82,57.99
1627720588.0,76.30,58.64,57.79
1627720618.0,76.30,58.82,57.99
1627720648.0,76.30,58.82,57.99
1627720678.0,76.80,58.64,57.81
1627720708.0,76.80,58.64,57.81
1627720738.0,76.90,58.64,57.82
1627720768.0,76.70,58.64,57.81
1627720798.0,76.70,58.64,57.81
1627720828.0,76.50,58.64,57.80
1627720858.0,76.20,58.64,57.79
1627720888.0,76.40,58.82,57.99
1627720918.0,76.40,58.64,57.79
1627720948.0,76.50,58.64,57.80
1627720977.0,76.80,58.82,58.01
1627721007.0,76.70,58.64,57.81
1627721037.0,76.70,58.64,57.81
1627721067.0,76.50,58.64,57.80
1627721097.0,76.90,58.64,57.82
1627721127.0,76.70,58.64,57.81
1627721157.0,76.30,58.64,57.79
1627721187.0,76.30,58.82,57.99
1627721217.0,76.60,58.82,58.00
1627721247.0,76.60,58.64,57.80
1627721277.0,76.80,58.64,57.81
1627721307.0,76.50,58.64,57.80
1627721337.0,77.10,58.82,58.03
1627721367.0,77.30,58.82,58.04
1627721397.0,76.60,58.82,58.00
1627721427.0,76.20,58.64,57.79
1627721457.0,76.40,58.64,57.79
1627721487.0,75.70,58.64,57.76
1627721517.0,76.30,58.64,57.79
1627721547.0,76.50,58.64,57.80
1627721577.0,76.40,58.64,57.79
1627721607.0,76.40,58.64,57.79
1627721637.0,76.20,58.64,57.79
1627721667.0,76.00,58.64,57.78
1627721697.0,75.90,58.64,57.77
1627721727.0,75.90,58.64,57.77
1627721757.0,76.00,58.82,57.97
1627721787.0,76.00,58.82,57.97
1627721817.0,76.50,58.82,58.00
1627721847.0,77.00,58.82,58.02
1627721876.0,76.80,58.64,57.81
1627721906.0,76.90,58.82,58.02
1627721936.0,76.60,58.82,58.00
1627721966.0,76.50,58.64,57.80
1627721996.0,76.20,58.64,57.79
1627722026.0,76.20,58.64,57.79
1627722056.0,76.40,58.64,57.79
1627722086.0,76.60,58.64,57.80
1627722116.0,76.80,58.64,57.81
1627722146.0,77.00,58.64,57.82
1627722176.0,77.30,58.64,57.84
1627722206.0,77.40,58.64,57.84
1627722236.0,77.20,58.64,57.83
1627722266.0,77.20,58.64,57.83
1627722296.0,76.70,58.64,57.81
1627722326.0,76.80,58.64,57.81
1627722356.0,77.00,58.64,57.82
1627722386.0,76.90,58.64,57.82
1627722416.0,77.00,58.64,57.82
1627722446.0,76.40,58.64,57.79
1627722476.0,76.70,58.64,57.81
1627722506.0,76.70,58.64,57.81
1627722536.0,76.40,58.64,57.79
1627722566.0,76.20,58.46,57.59
1627722596.0,76.50,58.46,57.60
1627722626.0,76.80,58.46,57.62
1627722656.0,76.50,58.46,57.60
1627722686.0,76.50,58.46,57.60
1627722716.0,76.00,58.28,57.38
1627722746.0,76.50,58.28,57.40
1627722775.0,76.90,58.28,57.42
1627722805.0,77.30,58.28,57.44
1627722835.0,77.40,58.28,57.45
1627722865.0,77.00,58.28,57.43
1627722895.0,76.50,58.28,57.40
1627722925.0,76.70,58.28,57.41
1627722955.0,76.60,58.28,57.41
1627722985.0,76.90,58.28,57.42
1627723015.0,76.90,58.28,57.42
1627723045.0,77.00,58.28,57.43
1627723075.0,77.10,58.28,57.43
1627723105.0,77.30,58.28,57.44
1627723135.0,77.50,58.28,57.45
1627723165.0,77.20,58.28,57.44
1627723195.0,76.70,58.28,57.41
1627723225.0,76.70,58.28,57.41
1627723255.0,77.30,58.28,57.44
1627723285.0,76.90,58.28,57.42
1627723315.0,76.60,58.28,57.41
1627723345.0,76.30,58.28,57.39
1627723375.0,76.30,58.28,57.39
1627723405.0,76.20,58.28,57.39
1627723435.0,76.20,58.28,57.39
1627723465.0,76.50,58.28,57.40
1627723495.0,77.10,58.28,57.43
1627723525.0,77.00,58.28,57.43
1627723555.0,76.90,58.28,57.42
1627723585.0,76.70,58.28,57.41
1627723615.0,77.00,58.28,57.43
1627723645.0,76.80,58.28,57.42
1627723674.0,75.70,58.28,57.37
1627723704.0,76.30,58.28,57.39
1627723734.0,76.80,58.28,57.42
1627723764.0,76.80,58.28,57.42
1627723794.0,77.00,58.28,57.43
1627723824.0,76.90,58.28,57.42
1627723854.0,77.10,58.28,57.43
1627723884.0,77.10,58.10,57.23
1627723914.0,77.20,58.10,57.24
1627723944.0,77.40,58.28,57.45
1627723974.0,77.50,58.10,57.25
1627724004.0,77.60,58.28,57.46
1627724034.0,77.60,58.28,57.46
1627724064.0,77.40,58.28,57.45
1627724094.0,77.10,58.28,57.43
1627724124.0,77.00,58.28,57.43
1627724154.0,77.00,58.28,57.43
1627724184.0,77.10,58.28,57.43
1627724214.0,77.30,58.28,57.44
1627724244.0,77.10,58.28,57.43
1627724274.0,76.80,58.10,57.22
1627724304.0,77.20,58.28,57.44
1627724334.0,76.90,58.28,57.42
1627724364.0,76.50,58.10,57.21
1627724394.0,76.60,58.10,57.21
1627724424.0,76.40,58.10,57.20
1627724454.0,76.20,58.10,57.19
1627724484.0,76.60,58.10,57.21
1627724514.0,76.20,58.10,57.19
1627724544.0,76.20,58.10,57.19
1627724573.0,76.10,58.10,57.19
1627724603.0,76.20,57.92,56.99
1627724633.0,76.10,57.92,56.99
1627724663.0,76.50,57.92,57.01
1627724693.0,76.10,57.92,56.99
1627724723.0,76.40,57.92,57.00
1627724753.0,76.50,57.92,57.01
1627724783.0,76.40,57.92,57.00
1627724813.0,76.70,57.92,57.02
1627724843.0,77.10,57.92,57.04
1627724873.0,77.00,57.92,57.03
1627724903.0,77.00,58.10,57.23
1627724933.0,77.00,58.10,57.23
1627724963.0,77.00,58.10,57.23
1627724993.0,77.10,58.10,57.23
1627725023.0,76.90,58.10,57.22
1627725053.0,76.80,58.10,57.22
1627725083.0,77.40,58.10,57.25
1627725113.0,77.40,58.10,57.25
1627725143.0,77.40,58.10,57.25
1627725173.0,76.90,58.10,57.22
1627725203.0,77.10,58.10,57.23
1627725233.0,77.10,58.10,57.23
1627725263.0,77.90,58.10,57.27
1627725293.0,77.70,58.10,57.26
1627725323.0,77.50,58.10,57.25
1627725353.0,77.30,58.10,57.24
1627725383.0,77.10,58.10,57.23
1627725413.0,77.30,58.10,57.24
1627725442.0,77.30,58.10,57.24
1627725472.0,76.90,58.10,57.22
1627725502.0,77.10,58.10,57.23
1627725532.0,77.30,58.28,57.44
1627725592.0,77.00,58.28,57.43
1627725622.0,77.00,58.28,57.43
1627725652.0,77.00,58.10,57.23
1627725682.0,77.20,58.10,57.24
1627725712.0,77.90,58.10,57.27
1627725742.0,77.90,58.10,57.27
1627725772.0,77.90,58.10,57.27
1627725802.0,77.80,58.10,57.27
1627725832.0,77.80,58.10,57.27
1627725862.0,77.80,58.10,57.27
1627725892.0,77.80,58.10,57.27
1627725922.0,77.70,58.10,57.26
1627725952.0,77.50,58.28,57.45
1627725982.0,77.40,58.28,57.45
1627726012.0,77.70,58.28,57.46
1627726042.0,77.90,58.28,57.47
1627726072.0,77.80,58.28,57.46
1627726102.0,77.30,58.10,57.24
1627726132.0,77.60,58.10,57.26
1627726162.0,77.70,58.10,57.26
1627726192.0,78.40,58.10,57.29
1627726222.0,78.10,58.10,57.28
1627726252.0,77.60,58.10,57.26
1627726282.0,77.80,58.10,57.27
1627726312.0,78.20,58.10,57.29
1627726341.0,78.30,58.10,57.29
1627726371.0,78.30,58.10,57.29
1627726401.0,78.00,58.10,57.28
1627726431.0,78.00,58.10,57.28
1627726461.0,78.00,58.10,57.28
1627726491.0,78.00,58.10,57.28
1627726521.0,78.20,58.10,57.29
1627726551.0,78.10,58.10,57.28
1627726581.0,78.10,58.10,57.28
1627726611.0,78.00,58.10,57.28
1627726641.0,78.10,58.28,57.48
1627726671.0,78.00,58.28,57.47
1627726701.0,78.20,58.10,57.29
1627726731.0,78.60,58.10,57.30
1627726761.0,78.60,58.10,57.30
1627726791.0,78.10,58.10,57.28
1627726821.0,78.50,58.10,57.30
1627726851.0,78.60,58.10,57.30
1627726881.0,78.40,58.28,57.49
1627726911.0,78.40,58.28,57.49
1627726941.0,78.40,58.28,57.49
1627726971.0,77.90,58.28,57.47
1627727001.0,77.80,58.28,57.46
1627727031.0,78.30,58.28,57.49
1627727061.0,78.30,58.28,57.49
1627727091.0,78.00,58.28,57.47
1627727121.0,77.40,58.28,57.45
1627727151.0,77.60,58.28,57.46
1627727181.0,77.90,58.28,57.47
1627727211.0,77.70,58.28,57.46
1627727240.0,77.60,58.28,57.46
1627727270.0,77.80,58.28,57.46
1627727300.0,78.20,58.28,57.48
1627727330.0,78.00,58.28,57.47
1627727360.0,78.00,58.28,57.47
1627727390.0,77.90,58.28,57.47
1627727420.0,78.30,58.28,57.49
1627727450.0,78.30,58.28,57.49
1627727480.0,78.50,58.28,57.50
1627727510.0,78.20,58.28,57.48
1627727540.0,78.40,58.28,57.49
1627727570.0,78.50,58.28,57.50
1627727600.0,78.70,58.46,57.70
1627727630.0,78.90,58.46,57.71
1627727660.0,78.80,58.46,57.71
1627727690.0,78.20,58.28,57.48
1627727720.0,78.40,58.28,57.49
1627727750.0,78.50,58.28,57.50
1627727780.0,78.40,58.28,57.49
1627727810.0,78.40,58.28,57.49
1627727840.0,78.50,58.28,57.50
1627727870.0,78.20,58.28,57.48
1627727900.0,77.90,58.28,57.47
1627727930.0,78.00,58.28,57.47
1627727960.0,78.00,58.28,57.47
1627727990.0,77.80,58.46,57.66
1627728020.0,77.80,58.46,57.66
1627728050.0,77.50,58.46,57.65
1627728080.0,77.50,58.46,57.65
1627728110.0,77.60,58.46,57.65
1627728139.0,77.80,58.46,57.66
1627728169.0,78.00,58.46,57.67
1627728199.0,78.20,58.46,57.68
1627728229.0,79.00,58.46,57.72
1627728259.0,79.00,58.46,57.72
1627728289.0,78.60,58.46,57.70
1627728319.0,78.20,58.46,57.68
1627728349.0,78.30,58.64,57.88
1627728379.0,78.40,58.64,57.89
1627728409.0,78.20,58.46,57.68
1627728439.0,77.90,58.46,57.67
1627728469.0,77.80,58.64,57.86
1627728499.0,77.40,58.64,57.84
1627728529.0,77.30,58.64,57.84
1627728559.0,76.80,58.64,57.81
1627728589.0,77.30,58.64,57.84
1627728619.0,77.30,58.64,57.84
1627728649.0,77.10,58.82,58.03
1627728679.0,77.40,58.82,58.04
1627728709.0,77.20,58.82,58.03
1627728739.0,77.60,58.82,58.05
1627728769.0,77.10,58.82,58.03
1627728799.0,77.60,58.82,58.05
1627728829.0,77.20,58.82,58.03
1627728859.0,77.30,58.82,58.04
1627728889.0,76.60,58.82,58.00
1627728919.0,76.60,58.82,58.00
1627728949.0,76.90,58.82,58.02
1627728979.0,76.90,58.82,58.02
1627729008.0,77.10,58.82,58.03
1627729038.0,77.40,59.00,58.24
1627729068.0,77.60,59.00,58.25
1627729098.0,77.90,59.00,58.26
1627729128.0,77.70,59.00,58.25
1627729158.0,77.60,59.00,58.25
1627729188.0,77.50,59.00,58.24
1627729218.0,77.40,59.00,58.24
1627729248.0,77.50,59.18,58.44
1627729278.0,78.00,59.18,58.46
1627729308.0,78.30,59.18,58.48
1627729338.0,78.30,59.18,58.48
1627729368.0,78.00,59.18,58.46
1627729398.0,77.80,59.18,58.45
1627729428.0,77.80,59.36,58.65
1627729458.0,77.60,59.36,58.64
1627729488.0,77.70,59.36,58.65
1627729518.0,77.60,59.36,58.64
1627729548.0,77.40,59.36,58.63
1627729578.0,77.40,59.36,58.63
1627729608.0,77.40,59.36,58.63
1627729638.0,77.70,59.36,58.65
1627729668.0,78.00,59.36,58.66
1627729698.0,78.00,59.36,58.66
1627729728.0,78.20,59.36,58.67
1627729758.0,77.90,59.54,58.86
1627729788.0,77.50,59.54,58.84
1627729818.0,77.60,59.54,58.84
1627729848.0,77.60,59.54,58.84
1627729878.0,77.50,59.54,58.84
1627729907.0,77.70,59.72,59.04
1627729937.0,77.70,59.72,59.04
1627729967.0,77.70,59.72,59.04
1627729997.0,77.80,59.72,59.05
1627730027.0,78.10,59.72,59.06
1627730057.0,78.30,59.72,59.07
1627730087.0,77.90,59.72,59.05
1627730117.0,78.20,59.72,59.07
1627730147.0,78.00,59.72,59.06
1627730177.0,77.80,59.72,59.05
1627730207.0,77.60,59.72,59.04
1627730237.0,77.70,59.90,59.24
1627730267.0,77.40,59.90,59.23
1627730297.0,77.00,59.90,59.21
1627730327.0,76.90,59.90,59.20
1627730357.0,77.00,60.08,59.41
1627730387.0,76.10,60.08,59.36
1627730417.0,77.20,60.08,59.42
1627730447.0,77.70,60.08,59.44
1627730477.0,77.40,60.08,59.43
1627730507.0,77.00,60.08,59.41
1627730537.0,76.80,60.08,59.40
1627730567.0,76.90,60.08,59.40
1627730597.0,77.00,60.26,59.60
1627730627.0,77.30,60.26,59.62
1627730657.0,77.20,60.26,59.61
1627730687.0,77.10,60.26,59.61
1627730717.0,77.00,60.26,59.60
1627730747.0,76.90,60.44,59.80
1627730777.0,76.60,60.44,59.78
1627730806.0,76.40,60.44,59.77
1627730836.0,76.50,60.44,59.78
1627730866.0,75.90,60.44,59.75
1627730896.0,75.80,60.44,59.75
1627730926.0,76.10,60.62,59.96
1627730956.0,76.30,60.62,59.97
1627730986.0,76.00,60.62,59.95
1627731016.0,75.70,60.62,59.94
1627731046.0,75.60,60.62,59.94
1627731076.0,75.40,60.62,59.93
1627731106.0,75.60,60.80,60.13
1627731136.0,75.80,60.80,60.14
1627731166.0,76.20,60.80,60.16
1627731196.0,76.80,60.80,60.19
1627731226.0,76.90,60.80,60.19
1627731256.0,76.40,60.98,60.37
1627731286.0,76.10,60.98,60.35
1627731316.0,76.30,60.98,60.36
1627731346.0,76.20,60.98,60.36
1627731376.0,76.00,60.98,60.35
1627731406.0,76.10,60.98,60.35
1627731436.0,75.90,60.98,60.35
1627731466.0,75.90,60.98,60.35
1627731496.0,76.20,60.98,60.36
1627731526.0,75.50,60.98,60.33
1627731556.0,75.40,60.98,60.32
1627731586.0,75.40,60.98,60.32
1627731616.0,74.90,60.98,60.30
1627731646.0,75.40,60.98,60.32
1627731676.0,75.90,60.98,60.35
1627731706.0,76.00,60.98,60.35
1627731735.0,75.90,61.16,60.54
1627731765.0,75.50,61.16,60.52
1627731795.0,75.30,61.16,60.52
1627731825.0,75.30,61.16,60.52
1627731855.0,75.10,61.16,60.51
1627731885.0,75.20,61.16,60.51
1627731915.0,75.70,61.16,60.53
1627731945.0,75.30,61.34,60.71
1627731975.0,75.30,61.16,60.52
1627732005.0,75.40,61.34,60.72
1627732035.0,75.30,61.34,60.71
1627732065.0,75.50,61.34,60.72
1627732095.0,75.30,61.34,60.71
1627732125.0,74.80,61.34,60.69
1627732155.0,75.20,61.34,60.71
1627732185.0,75.00,61.34,60.70
1627732215.0,75.10,61.34,60.70
1627732245.0,75.50,61.34,60.72
1627732275.0,75.20,61.34,60.71
1627732305.0,75.30,61.34,60.71
1627732335.0,75.30,61.34,60.71
1627732365.0,75.20,61.34,60.71
1627732395.0,74.80,61.34,60.69
1627732425.0,74.80,61.34,60.69
1627732455.0,75.10,61.34,60.70
1627732485.0,75.20,61.34,60.71
1627732515.0,74.90,61.34,60.69
1627732545.0,75.20,61.34,60.71
1627732575.0,75.00,61.34,60.70
1627732605.0,74.90,61.34,60.69
1627732634.0,74.70,61.34,60.68
1627732664.0,74.60,61.34,60.68
1627732694.0,74.60,61.34,60.68
1627732724.0,74.60,61.34,60.68
1627732754.0,75.00,61.34,60.70
1627732784.0,75.40,61.34,60.72
1627732814.0,75.50,61.34,60.72
1627732844.0,75.20,61.34,60.71
1627732874.0,75.20,61.34,60.71
1627732904.0,75.00,61.34,60.70
1627732934.0,74.80,61.34,60.69
1627732964.0,74.90,61.34,60.69
1627732994.0,75.10,61.34,60.70
1627733024.0,75.10,61.34,60.70
1627733054.0,75.40,61.34,60.72
1627733084.0,75.50,61.34,60.72
1627733114.0,75.60,61.34,60.73
1627733144.0,75.40,61.34,60.72
1627733174.0,74.90,61.52,60.89
1627733204.0,74.70,61.52,60.88
1627733234.0,74.80,61.52,60.89
1627733264.0,75.10,61.52,60.90
1627733294.0,75.40,61.52,60.92
1627733324.0,75.20,61.52,60.91
1627733354.0,75.10,61.52,60.90
1627733384.0,75.00,61.52,60.90
1627733414.0,75.00,61.70,61.09
1627733444.0,74.90,61.70,61.09
1627733474.0,75.10,61.70,61.10
1627733504.0,74.80,61.70,61.09
1627733533.0,74.40,61.70,61.07
1627733563.0,74.00,61.70,61.05
1627733593.0,74.30,61.70,61.06
1627733623.0,74.70,61.88,61.28
1627733653.0,74.40,61.70,61.07
1627733683.0,74.70,61.88,61.28
1627733713.0,74.40,61.88,61.26
1627733743.0,74.00,61.88,61.25
1627733773.0,73.70,61.88,61.23
1627733803.0,73.20,61.88,61.21
1627733833.0,73.10,61.88,61.20
1627733863.0,73.50,61.88,61.22
1627733893.0,73.60,62.06,61.43
1627733923.0,73.90,62.06,61.44
1627733953.0,74.10,62.06,61.45
1627733983.0,74.00,62.06,61.44
1627734013.0,73.90,62.06,61.44
1627734043.0,74.10,62.06,61.45
1627734073.0,74.30,62.06,61.46
1627734103.0,74.20,62.24,61.65
1627734133.0,74.10,62.24,61.65
1627734163.0,73.80,62.24,61.63
1627734193.0,73.70,62.24,61.63
1627734223.0,73.90,62.24,61.64
1627734253.0,73.90,62.24,61.64
1627734283.0,73.80,62.42,61.83
1627734313.0,73.60,62.42,61.82
1627734343.0,73.60,62.42,61.82
1627734373.0,73.10,62.42,61.80
1627734403.0,73.00,62.42,61.79
1627734433.0,73.50,62.42,61.82
1627734462.0,73.60,62.42,61.82
1627734492.0,73.50,62.60,62.01
1627734522.0,73.20,62.60,62.00
1627734552.0,72.70,62.60,61.98
1627734582.0,72.30,62.60,61.96
1627734612.0,72.30,62.60,61.96
1627734642.0,72.30,62.60,61.96
1627734672.0,72.50,62.60,61.97
1627734702.0,72.40,62.60,61.96
1627734732.0,72.40,62.78,62.16
1627734762.0,72.30,62.78,62.16
1627734792.0,72.30,62.78,62.16
1627734822.0,72.50,62.78,62.17
1627734852.0,72.70,62.78,62.17
1627734882.0,73.10,62.78,62.19
1627734912.0,73.10,62.78,62.19
1627734942.0,73.20,62.78,62.20
1627734972.0,73.20,62.96,62.40
1627735002.0,73.00,62.96,62.39
1627735032.0,72.60,62.96,62.37
1627735062.0,72.40,62.96,62.36
1627735092.0,72.20,62.96,62.35
1627735122.0,72.30,62.96,62.35
1627735152.0,71.90,62.96,62.34
1627735182.0,71.60,62.96,62.32
1627735212.0,71.40,62.96,62.31
1627735242.0,71.20,62.96,62.30
1627735272.0,71.40,63.14,62.51
1627735302.0,71.60,63.14,62.52
1627735332.0,72.10,63.14,62.54
1627735361.0,72.10,63.14,62.54
1627735391.0,72.40,63.14,62.56
1627735421.0,72.50,63.14,62.56
1627735451.0,72.30,63.14,62.55
1627735481.0,72.40,63.32,62.75
1627735511.0,72.70,63.32,62.77
1627735541.0,73.10,63.32,62.79
1627735571.0,73.10,63.32,62.79
1627735601.0,72.90,63.32,62.78
1627735631.0,71.80,63.32,62.73
1627735661.0,71.10,63.32,62.69
1627735691.0,70.90,63.32,62.68
1627735721.0,70.80,63.32,62.68
1627735751.0,70.70,63.32,62.67
1627735781.0,71.00,63.50,62.89
1627735811.0,71.00,63.50,62.89
1627735841.0,70.70,63.50,62.87
1627735871.0,70.50,63.50,62.86
1627735901.0,70.60,63.50,62.87
1627735931.0,71.30,63.50,62.90
1627735961.0,71.40,63.50,62.91
1627735991.0,71.30,63.50,62.90
1627736021.0,71.30,63.50,62.90
1627736051.0,71.50,63.50,62.91
1627736081.0,71.80,63.50,62.92
1627736111.0,71.30,63.50,62.90
1627736141.0,71.40,63.50,62.91
1627736171.0,71.00,63.50,62.89
1627736201.0,71.30,63.50,62.90
1627736231.0,71.80,63.50,62.92
1627736260.0,72.10,63.50,62.94
1627736290.0,72.10,63.68,63.14
1627736320.0,72.10,63.68,63.14
1627736350.0,71.40,63.68,63.10
1627736380.0,71.60,63.68,63.11
1627736410.0,71.60,63.86,63.31
1627736440.0,71.10,63.86,63.29
1627736470.0,71.10,63.86,63.29
1627736500.0,71.20,63.86,63.29
1627736530.0,71.30,63.86,63.30
1627736560.0,71.00,63.86,63.28
1627736590.0,70.80,63.86,63.27
1627736620.0,70.60,63.86,63.26
1627736650.0,70.30,64.04,63.45
1627736680.0,70.10,64.04,63.44
1627736710.0,70.40,63.86,63.25
1627736740.0,71.10,64.04,63.49
1627736770.0,71.20,64.04,63.49
1627736800.0,71.10,64.04,63.49
1627736830.0,71.30,64.04,63.50
1627736860.0,71.00,64.04,63.48
1627736890.0,70.90,64.04,63.48
1627736920.0,71.20,64.04,63.49
1627736950.0,71.60,64.22,63.71
1627736980.0,71.60,64.04,63.51
1627737010.0,71.20,64.22,63.69
1627737040.0,71.20,64.22,63.69
1627737070.0,71.60,64.22,63.71
1627737100.0,71.40,64.22,63.70
1627737130.0,70.50,64.22,63.66
1627737160.0,70.20,64.22,63.64
1627737189.0,70.10,64.22,63.64
1627737219.0,70.50,64.22,63.66
1627737249.0,70.80,64.40,63.87
1627737279.0,70.80,64.40,63.87
1627737309.0,70.70,64.40,63.86
1627737339.0,71.10,64.40,63.88
1627737369.0,71.10,64.40,63.88
1627737399.0,70.50,64.40,63.85
1627737429.0,69.80,64.40,63.82
1627737459.0,69.90,64.58,64.02
1627737489.0,70.10,64.58,64.03
1627737519.0,70.30,64.58,64.04
1627737549.0,70.10,64.58,64.03
1627737579.0,70.00,64.58,64.03
1627737609.0,70.30,64.58,64.04
1627737639.0,69.90,64.58,64.02
1627737669.0,69.70,64.58,64.01
1627737699.0,69.80,64.58,64.02
1627737729.0,70.10,64.76,64.23
1627737759.0,69.90,64.76,64.22
1627737789.0,69.80,64.76,64.22
1627737819.0,69.70,64.76,64.21
1627737849.0,68.90,64.76,64.17
1627737879.0,69.40,64.76,64.20
1627737909.0,69.50,64.76,64.20
1627737939.0,69.30,64.76,64.19
1627737969.0,69.70,64.94,64.41
1627737999.0,69.20,64.94,64.39
1627738029.0,69.30,64.94,64.39
1627738059.0,69.50,64.94,64.40
1627738089.0,69.60,64.94,64.41
1627738118.0,69.60,64.94,64.41
1627738148.0,69.50,65.12,64.60
1627738178.0,69.60,65.12,64.60
1627738208.0,70.10,65.12,64.63
1627738238.0,69.50,65.12,64.60
1627738268.0,69.70,65.12,64.61
1627738298.0,69.80,65.12,64.61
1627738328.0,70.00,65.30,64.82
1627738358.0,69.40,65.30,64.79
1627738388.0,68.80,65.30,64.76
1627738418.0,68.90,65.30,64.77
1627738448.0,69.80,65.30,64.81
1627738478.0,69.70,65.48,65.00
1627738508.0,69.50,65.48,64.99
1627738538.0,69.30,65.48,64.99
1627738568.0,69.40,65.48,64.99
1627738598.0,69.70,65.66,65.20
1627738628.0,69.90,65.66,65.21
1627738658.0,69.40,65.66,65.19
1627738688.0,69.30,65.84,65.38
1627738718.0,68.40,65.84,65.34
1627738748.0,68.20,65.84,65.33
1627738778.0,68.20,65.84,65.33
1627738808.0,68.10,65.84,65.32
1627738838.0,67.50,66.02,65.49
1627738868.0,67.20,66.02,65.48
1627738898.0,67.40,66.02,65.49
1627738928.0,67.20,66.02,65.48
1627738958.0,67.80,66.02,65.51
1627738988.0,67.90,66.02,65.51
1627739018.0,67.70,66.20,65.70
1627739047.0,67.90,66.20,65.71
1627739077.0,67.80,66.20,65.71
1627739107.0,67.90,66.20,65.71
1627739137.0,67.50,66.20,65.69
1627739167.0,66.50,66.20,65.65
1627739197.0,66.50,66.38,65.84
1627739227.0,67.10,66.38,65.87
1627739257.0,66.60,66.38,65.85
1627739287.0,66.30,66.38,65.83
1627739317.0,66.70,66.38,65.85
1627739347.0,67.60,66.38,65.90
1627739377.0,67.60,66.38,65.90
1627739407.0,68.10,66.38,65.92
1627739437.0,68.20,66.38,65.92
1627739467.0,68.50,66.56,66.14
1627739497.0,68.50,66.56,66.14
1627739527.0,68.40,66.56,66.13
1627739557.0,68.20,66.56,66.12
1627739587.0,67.50,66.56,66.09
1627739617.0,68.10,66.74,66.31
1627739647.0,68.50,66.74,66.33
1627739677.0,68.50,66.74,66.33
1627739707.0,67.80,66.74,66.30
1627739737.0,67.50,66.74,66.29
1627739767.0,67.80,66.74,66.30
1627739797.0,68.20,66.92,66.52
1627739827.0,68.30,66.92,66.52
1627739857.0,68.40,66.92,66.53
1627739887.0,67.60,66.92,66.49
1627739917.0,67.40,66.92,66.48
1627739947.0,66.70,67.10,66.64
1627739976.0,66.20,67.10,66.62
1627740006.0,65.70,67.10,66.60
1627740036.0,65.90,67.28,66.81
1627740066.0,66.10,67.28,66.81
1627740096.0,65.70,67.28,66.80
1627740126.0,66.60,67.28,66.84
1627740156.0,65.70,67.28,66.80
1627740186.0,65.90,67.28,66.81
1627740216.0,66.60,67.28,66.84
1627740246.0,66.90,67.28,66.85
1627740276.0,66.80,67.46,67.05
1627740306.0,66.20,67.46,67.02
1627740336.0,66.90,67.46,67.05
1627740366.0,66.90,67.46,67.05
1627740396.0,66.50,67.64,67.23
1627740426.0,66.00,67.64,67.21
1627740456.0,66.70,67.64,67.24
1627740486.0,66.40,67.82,67.42
1627740516.0,65.60,67.82,67.39
1627740546.0,65.50,68.00,67.58
1627740576.0,65.50,68.00,67.58
1627740606.0,66.00,68.18,67.80
1627740636.0,66.40,68.18,67.82
1627740666.0,65.70,68.18,67.79
1627740696.0,64.60,68.36,67.93
1627740726.0,64.30,68.36,67.92
1627740756.0,64.30,68.36,67.92
1627740786.0,64.00,68.54,68.10
1627740816.0,63.60,68.54,68.08
1627740846.0,63.80,68.54,68.09
1627740876.0,64.30,68.72,68.31
1627740905.0,64.70,68.90,68.53
1627740935.0,64.00,69.08,68.70
1627740965.0,63.60,69.08,68.68
1627740995.0,63.70,69.26,68.88
1627741025.0,63.10,69.62,69.25
1627741055.0,62.70,70.16,69.82
1627741085.0,61.60,70.88,70.56
1627741115.0,60.90,71.96,71.72
1627741145.0,59.80,73.04,72.85
1627741175.0,58.60,73.94,73.79
1627741205.0,57.70,74.84,74.74
1627741235.0,57.40,75.56,75.51
1627741265.0,56.30,76.46,76.45
1627741295.0,55.10,77.00,76.99
1627741325.0,54.50,77.54,77.56
1627741355.0,54.20,77.90,77.94
1627741385.0,53.60,78.08,78.11
1627741415.0,54.20,77.90,77.94
1627741445.0,54.90,77.72,77.77
1627741475.0,55.40,77.36,77.40
1627741505.0,55.30,77.00,77.00
1627741535.0,55.70,76.46,76.42
1627741565.0,56.40,75.92,75.86
1627741595.0,56.70,75.56,75.48
1627741625.0,57.60,75.20,75.13
1627741655.0,58.10,74.84,74.75
1627741685.0,58.40,74.48,74.37
1627741715.0,58.50,74.30,74.18
1627741745.0,59.30,73.94,73.82
1627741775.0,59.50,73.76,73.63
1627741805.0,59.70,73.58,73.44
1627741835.0,60.20,73.40,73.27
1627741864.0,59.60,73.22,73.04
1627741894.0,60.00,73.04,72.86
1627741924.0,60.20,72.86,72.68
1627741954.0,59.80,72.86,72.66
1627741984.0,60.00,72.68,72.47
1627742014.0,60.10,72.68,72.47
1627742044.0,60.60,72.68,72.50
1627742074.0,61.00,72.50,72.32
1627742104.0,60.80,72.32,72.11
1627742134.0,61.00,72.32,72.12
1627742164.0,61.20,72.14,71.93
1627742194.0,61.30,72.14,71.94
1627742224.0,61.00,72.14,71.92
1627742254.0,61.40,71.96,71.74
1627742284.0,61.30,71.78,71.54
1627742314.0,61.30,71.78,71.54
1627742344.0,61.60,71.78,71.55
1627742374.0,61.20,71.78,71.53
1627742404.0,61.60,71.78,71.55
1627742434.0,61.80,71.78,71.56
1627742464.0,61.90,71.78,71.57
1627742494.0,61.20,71.60,71.34
1627742524.0,61.80,71.60,71.36
1627742554.0,61.50,71.60,71.35
1627742584.0,61.60,71.60,71.36
1627742614.0,61.60,71.60,71.36
1627742644.0,61.90,71.60,71.37
1627742674.0,62.00,71.60,71.37
1627742704.0,61.40,71.60,71.35
1627742734.0,61.40,71.60,71.35
1627742764.0,61.20,71.60,71.34
1627742794.0,61.10,71.42,71.13
1627742823.0,61.20,71.60,71.34
1627742853.0,61.20,71.60,71.34
1627742883.0,61.20,71.78,71.53
1627742913.0,61.00,71.78,71.52
1627742943.0,60.90,71.78,71.52
1627742973.0,60.80,71.78,71.52
1627743003.0,61.10,71.78,71.53
1627743033.0,61.30,71.78,71.54
1627743063.0,61.20,71.78,71.53
1627743093.0,61.40,71.78,71.54
1627743123.0,61.30,71.78,71.54
1627743153.0,61.50,71.60,71.35
1627743183.0,61.80,71.60,71.36
1627743213.0,61.50,71.60,71.35
1627743243.0,61.60,71.60,71.36
1627743273.0,61.40,71.60,71.35
1627743303.0,61.70,71.42,71.16
1627743333.0,61.70,71.42,71.16
1627743363.0,61.90,71.60,71.37
1627743393.0,61.40,71.60,71.35
1627743423.0,61.50,71.60,71.35
1627743453.0,61.30,71.60,71.34
1627743483.0,61.10,71.60,71.33
1627743513.0,60.90,71.60,71.32
1627743543.0,61.20,71.60,71.34
1627743573.0,61.50,71.60,71.35
1627743603.0,61.80,71.60,71.36
1627743633.0,61.60,71.60,71.36
1627743663.0,61.60,71.60,71.36
1627743693.0,62.00,71.60,71.37
1627743723.0,62.20,71.60,71.38
1627743753.0,62.20,71.60,71.38
1627743782.0,62.10,71.60,71.38
1627743812.0,61.90,71.60,71.37
1627743842.0,62.50,71.60,71.40
1627743872.0,62.30,71.60,71.39
1627743902.0,62.20,71.60,71.38
1627743932.0,62.80,71.60,71.41
1627743962.0,63.20,71.60,71.43
1627743992.0,63.20,71.60,71.43
1627744022.0,63.10,71.60,71.43
1627744052.0,63.10,71.60,71.43
1627744082.0,63.20,71.42,71.23
1627744112.0,63.20,71.42,71.23
1627744142.0,63.90,71.42,71.27
1627744172.0,63.80,71.42,71.26
1627744202.0,63.60,71.42,71.25
1627744232.0,63.20,71.42,71.23
1627744262.0,63.20,71.42,71.23
1627744292.0,62.80,71.42,71.21
1627744322.0,62.90,71.42,71.22
1627744352.0,63.00,71.42,71.22
1627744382.0,63.00,71.42,71.22
1627744412.0,63.50,71.42,71.25
1627744442.0,63.50,71.42,71.25
1627744472.0,63.90,71.42,71.27
1627744502.0,63.60,71.42,71.25
1627744532.0,63.90,71.42,71.27
1627744562.0,63.60,71.42,71.25
1627744592.0,63.50,71.42,71.25
1627744622.0,63.10,71.42,71.23
1627744652.0,63.00,71.60,71.42
1627744682.0,63.40,71.60,71.44
1627744711.0,63.10,71.60,71.43
1627744741.0,63.40,71.60,71.44
1627744771.0,63.80,71.60,71.46
1627744801.0,63.50,71.60,71.44
1627744831.0,63.70,71.60,71.45
1627744861.0,63.90,71.60,71.46
1627744891.0,63.90,71.60,71.46
1627744921.0,62.70,71.60,71.41
1627744951.0,62.20,71.78,71.58
1627744981.0,63.20,71.78,71.63
1627745011.0,63.10,71.78,71.62
1627745041.0,62.70,71.78,71.60
1627745071.0,63.10,71.96,71.82
1627745101.0,62.70,71.96,71.80
1627745131.0,62.20,71.78,71.58
1627745161.0,62.60,71.78,71.60
1627745191.0,63.00,71.96,71.82
1627745221.0,63.50,71.96,71.84
1627745251.0,63.60,71.96,71.85
1627745281.0,62.90,71.96,71.81
1627745311.0,63.20,72.14,72.02
1627745341.0,62.60,72.14,72.00
1627745371.0,63.20,72.14,72.02
1627745401.0,64.50,72.14,72.09
1627745431.0,63.10,72.14,72.02
1627745461.0,63.20,72.14,72.02
1627745491.0,63.00,72.14,72.01
1627745521.0,62.80,72.14,72.01
1627745551.0,62.40,72.32,72.18
1627745581.0,63.20,72.32,72.22
1627745611.0,63.40,72.32,72.23
1627745641.0,63.60,72.32,72.24
1627745670.0,63.20,72.50,72.42
1627745700.0,62.20,72.50,72.37
1627745730.0,62.90,72.50,72.41
1627745760.0,62.80,72.50,72.40
1627745790.0,63.10,72.68,72.61
1627745820.0,62.80,72.68,72.60
1627745850.0,62.20,72.68,72.57
1627745880.0,61.70,72.86,72.75
1627745910.0,61.60,72.86,72.74
1627745940.0,61.90,72.86,72.76
1627745970.0,61.00,72.86,72.71
1627746000.0,60.90,72.86,72.71
1627746030.0,61.40,72.86,72.73
1627746060.0,61.70,73.04,72.94
1627746090.0,62.60,73.04,72.99
1627746120.0,61.90,73.22,73.15
1627746150.0,62.20,73.04,72.97
1627746180.0,63.00,73.22,73.20
1627746210.0,61.90,73.22,73.15
1627746240.0,61.70,73.22,73.14
1627746270.0,62.10,73.22,73.16
1627746300.0,61.80,73.22,73.15
1627746330.0,61.90,73.40,73.35
1627746360.0,61.00,73.40,73.31
1627746390.0,60.70,73.40,73.29
1627746420.0,60.30,73.40,73.27
1627746450.0,61.00,73.22,73.11
1627746480.0,60.00,73.22,73.06
1627746510.0,60.60,73.40,73.29
1627746540.0,60.90,73.40,73.30
1627746570.0,60.80,73.40,73.30
1627746600.0,60.30,73.58,73.47
1627746629.0,60.40,73.58,73.48
1627746659.0,60.60,73.58,73.49
1627746689.0,61.40,73.58,73.52
1627746719.0,61.20,73.76,73.71
1627746749.0,60.00,73.76,73.66
1627746779.0,59.50,73.76,73.63
1627746809.0,59.90,73.76,73.65
1627746839.0,60.00,73.76,73.66
1627746869.0,59.70,73.76,73.64
1627746899.0,60.70,73.94,73.89
1627746929.0,60.20,73.94,73.86
1627746959.0,60.10,73.94,73.86
1627746989.0,60.00,73.94,73.85
1627747019.0,59.90,73.94,73.85
1627747049.0,60.60,74.12,74.08
1627747079.0,61.00,74.12,74.10
1627747109.0,61.20,74.30,74.31
1627747139.0,60.50,74.30,74.27
1627747169.0,60.80,74.48,74.49
1627747199.0,61.40,74.48,74.51
1627747229.0,61.80,74.66,74.73
1627747259.0,61.80,74.66,74.73
1627747289.0,61.80,74.84,74.93
1627747319.0,61.40,75.02,75.11
1627747349.0,61.50,75.20,75.31
1627747379.0,61.10,75.20,75.29
1627747409.0,60.70,75.20,75.27
1627747439.0,60.80,75.38,75.48
1627747469.0,60.60,75.38,75.47
1627747499.0,60.90,75.38,75.48
1627747529.0,60.50,75.56,75.66
1627747559.0,60.10,75.56,75.64
1627747588.0,59.90,75.56,75.63
1627747618.0,60.40,75.56,75.65
1627747648.0,60.20,75.74,75.84
1627747678.0,60.00,75.74,75.83
1627747708.0,60.40,75.74,75.85
1627747738.0,59.90,75.74,75.83
1627747768.0,60.10,75.92,76.04
1627747798.0,59.30,75.92,76.00
1627747828.0,59.80,75.92,76.02
1627747858.0,59.30,75.92,76.00
1627747888.0,59.40,75.92,76.00
1627747918.0,59.90,76.10,76.23
1627747948.0,60.20,76.10,76.24
1627747978.0,60.50,76.28,76.45
1627748008.0,60.50,76.28,76.45
1627748038.0,60.90,76.46,76.67
1627748068.0,60.40,76.64,76.84
1627748098.0,59.70,76.82,77.01
1627748128.0,59.10,77.00,77.18
1627748158.0,59.50,77.00,77.20
1627748188.0,60.00,77.00,77.22
1627748218.0,60.00,77.18,77.42
1627748248.0,59.90,77.18,77.41
1627748278.0,60.00,77.18,77.42
1627748308.0,59.20,77.18,77.38
1627748338.0,59.70,77.36,77.60
1627748368.0,60.60,77.36,77.64
1627748398.0,59.50,77.54,77.79
1627748428.0,58.80,77.54,77.76
1627748458.0,58.90,77.72,77.96
1627748488.0,59.80,77.72,78.00
1627748518.0,59.00,77.72,77.97
1627748548.0,59.30,77.72,77.98
1627748577.0,59.00,77.90,78.16
1627748607.0,58.60,78.08,78.34
1627748637.0,57.30,78.08,78.28
1627748667.0,56.50,78.26,78.44
1627748697.0,56.50,78.26,78.44
1627748727.0,56.60,78.44,78.64
1627748757.0,57.00,78.44,78.66
1627748787.0,56.60,78.44,78.64
1627748817.0,56.40,78.44,78.63
1627748847.0,55.70,78.44,78.60
1627748877.0,56.70,78.62,78.85
1627748907.0,56.50,78.80,80.24
1627748937.0,57.00,78.80,80.27
1627748967.0,57.00,78.80,80.27
1627748997.0,56.80,78.98,80.43
1627749027.0,56.90,78.98,80.44
1627749057.0,57.60,78.98,80.49
1627749087.0,57.20,79.16,80.64
1627749117.0,57.10,79.34,80.81
1627749147.0,57.00,79.52,80.99
1627749177.0,56.90,79.70,81.16
1627749207.0,57.90,79.70,81.26
1627749237.0,57.80,79.88,81.45
1627749267.0,57.80,79.88,81.45
1627749297.0,57.00,80.06,81.56
1627749327.0,57.90,80.24,81.86
1627749357.0,57.30,80.42,82.00
1627749387.0,56.70,80.42,81.93
1627749417.0,56.90,80.60,82.15
1627749447.0,56.70,80.60,82.13
1627749477.0,56.20,80.60,82.07
1627749507.0,56.30,80.96,82.50
1627749536.0,56.60,81.14,82.75
1627749566.0,56.10,81.14,82.68
1627749596.0,55.90,81.32,82.87
1627749626.0,55.60,81.50,83.04
1627749656.0,55.00,81.50,82.95
1627749686.0,55.80,81.86,83.51
1627749716.0,55.10,82.04,83.62
1627749746.0,54.50,82.22,83.74
1627749776.0,54.10,82.22,83.68
1627749806.0,54.70,82.40,84.01
1627749836.0,55.60,82.76,84.65
1627749866.0,55.90,82.94,84.95
1627749896.0,55.40,83.12,85.10
1627749926.0,54.50,83.12,84.91
1627749956.0,53.60,83.30,84.97
1627749986.0,52.50,83.30,84.74
1627750016.0,51.90,83.30,84.63
1627750046.0,51.90,83.30,84.63
1627750076.0,52.40,83.30,84.72
1627750106.0,52.40,83.30,84.72
1627750136.0,51.70,83.30,84.59
1627750166.0,51.30,83.30,84.51
1627750196.0,50.90,83.30,84.43
1627750226.0,50.80,83.30,84.41
1627750256.0,50.80,83.30,84.41
1627750286.0,51.00,83.30,84.45
1627750316.0,50.90,83.30,84.43
1627750346.0,50.90,83.30,84.43
1627750376.0,51.60,83.48,84.79
1627750406.0,51.30,83.48,84.73
1627750436.0,51.40,83.48,84.75
1627750466.0,51.50,83.48,84.77
1627750496.0,51.20,83.66,84.94
1627750526.0,51.40,83.84,85.22
1627750555.0,51.70,83.84,85.28
1627750585.0,51.60,84.02,85.50
1627750615.0,51.10,84.02,85.39
1627750645.0,50.50,84.02,85.26
1627750675.0,50.20,84.20,85.43
1627750705.0,50.50,84.20,85.50
1627750735.0,50.70,84.20,85.54
1627750765.0,50.80,84.20,85.56
1627750795.0,50.20,84.20,85.43
1627750825.0,50.00,84.20,85.39
1627750855.0,50.40,84.38,85.71
1627750885.0,50.20,84.38,85.67
1627750915.0,50.60,84.38,85.76
1627750945.0,50.00,84.56,85.86
1627750975.0,50.00,84.56,85.86
1627751005.0,49.60,84.74,86.01
1627751035.0,49.60,84.74,86.01
1627751065.0,49.50,84.92,86.23
1627751095.0,50.10,84.92,86.37
1627751125.0,50.30,84.92,86.42
1627751155.0,50.10,85.10,86.62
1627751185.0,49.90,85.28,86.82
1627751215.0,49.90,85.28,86.82
1627751245.0,49.80,85.46,87.05
1627751275.0,49.60,85.46,87.00
1627751305.0,50.00,85.46,87.10
1627751335.0,49.50,85.64,87.23
1627751365.0,49.40,85.64,87.20
1627751395.0,49.00,85.64,87.10
1627751425.0,49.10,85.64,87.12
1627751455.0,49.20,85.64,87.15
1627751485.0,49.20,85.82,87.41
1627751515.0,49.40,85.82,87.46
1627751545.0,49.60,85.82,87.51
1627751574.0,49.70,85.82,87.54
1627751604.0,49.10,85.82,87.38
1627751634.0,48.50,86.00,87.47
1627751664.0,48.40,86.00,87.45
1627751694.0,48.40,86.00,87.45
1627751724.0,48.40,86.18,87.70
1627751754.0,48.60,86.18,87.76
1627751784.0,48.60,86.36,88.02
1627751814.0,48.70,86.36,88.05
1627751844.0,48.60,86.36,88.02
1627751874.0,48.80,86.54,88.34
1627751904.0,49.00,86.54,88.40
1627751934.0,48.80,86.54,88.34
1627751964.0,48.40,86.72,88.49
1627751994.0,48.40,86.90,88.76
1627752024.0,48.40,86.90,88.76
1627752054.0,48.80,86.90,88.88
1627752084.0,49.00,87.08,89.22
1627752114.0,49.00,87.08,89.22
1627752144.0,48.80,87.08,89.16
1627752174.0,48.80,87.08,89.16
1627752204.0,48.60,87.08,89.10
1627752234.0,48.60,87.08,89.10
1627752264.0,49.00,87.26,89.50
1627752294.0,48.60,87.26,89.37
1627752324.0,48.90,87.44,89.75
1627752354.0,48.90,87.62,90.04
1627752384.0,48.20,87.62,89.81
1627752414.0,47.90,87.62,89.71
1627752444.0,48.30,87.80,90.12
1627752474.0,48.00,87.80,90.02
1627752504.0,47.80,87.80,89.95
1627752534.0,47.70,87.98,90.20
1627752564.0,48.00,87.98,90.31
1627752593.0,47.70,88.16,90.49
1627752623.0,47.50,88.16,90.42
1627752653.0,47.50,88.16,90.42
1627752683.0,48.10,88.16,90.63
1627752713.0,48.30,88.16,90.70
1627752743.0,48.10,88.16,90.63
1627752773.0,47.40,88.34,90.67
1627752803.0,47.80,88.34,90.82
1627752833.0,47.70,88.34,90.78
1627752863.0,47.50,88.34,90.71
1627752893.0,47.30,88.34,90.64
1627752923.0,47.30,88.52,90.93
1627752953.0,47.80,88.52,91.11
1627752983.0,48.10,88.70,91.52
1627753013.0,47.80,88.70,91.41
1627753043.0,47.90,88.70,91.44
1627753073.0,47.70,88.88,91.67
1627753103.0,47.00,89.06,91.70
1627753133.0,47.10,89.06,91.74
1627753163.0,47.40,89.24,92.16
1627753193.0,47.60,89.24,92.23
1627753223.0,47.70,89.24,92.27
1627753253.0,48.20,89.24,92.47
1627753283.0,48.40,89.24,92.55
1627753313.0,48.60,89.24,92.63
1627753343.0,48.80,89.24,92.71
1627753373.0,48.80,89.42,93.03
1627753403.0,47.90,89.42,92.66
1627753433.0,47.50,89.60,92.81
1627753463.0,47.20,89.60,92.69
1627753493.0,47.30,89.60,92.73
1627753523.0,47.20,89.60,92.69
1627753553.0,46.60,89.78,92.76
1627753583.0,45.90,89.78,92.48
1627753613.0,45.70,89.78,92.40
1627753643.0,46.00,89.78,92.52
1627753672.0,45.70,89.78,92.40
1627753702.0,45.60,89.78,92.36
1627753732.0,45.70,89.60,92.10
1627753762.0,45.50,89.60,92.03
1627753792.0,45.10,89.60,91.87
1627753822.0,44.90,89.60,91.80
1627753852.0,45.60,89.60,92.06
1627753882.0,46.10,89.60,92.26
1627753912.0,46.90,89.60,92.57
1627753942.0,47.70,89.78,93.21
1627753972.0,47.10,89.78,92.96
1627754002.0,46.90,89.96,93.19
1627754032.0,46.80,89.96,93.15
1627754062.0,45.90,90.14,93.09
1627754092.0,46.00,90.14,93.13
1627754122.0,46.20,90.14,93.21
1627754152.0,46.00,90.32,93.44
1627754182.0,45.50,90.32,93.23
1627754212.0,45.60,90.50,93.58
1627754242.0,45.40,90.50,93.50
1627754272.0,45.40,90.50,93.50
1627754302.0,45.10,90.50,93.37
1627754332.0,45.40,90.50,93.50
1627754362.0,46.00,90.68,94.07
1627754392.0,45.90,90.86,94.34
1627754422.0,45.20,91.04,94.35
1627754452.0,45.00,91.04,94.27
1627754482.0,45.10,91.22,94.63
1627754512.0,45.80,91.40,95.27
1627754542.0,45.20,91.22,94.67
1627754572.0,44.60,91.04,94.09
1627754602.0,44.20,90.86,93.61
1627754632.0,44.20,90.68,93.31
1627754662.0,44.40,90.50,93.09
1627754692.0,44.30,90.32,92.75
1627754721.0,44.20,90.32,92.71
1627754751.0,45.10,90.50,93.37
1627754781.0,45.80,90.50,93.67
1627754811.0,45.60,90.68,93.90
1627754841.0,45.30,90.68,93.77
1627754871.0,44.90,90.68,93.60
1627754901.0,45.00,90.68,93.64
1627754931.0,45.50,90.68,93.85
1627754961.0,45.80,90.86,94.30
1627754991.0,46.10,90.86,94.43
1627755021.0,45.90,90.86,94.34
1627755051.0,45.30,90.86,94.08
1627755081.0,45.60,90.86,94.21
1627755111.0,45.70,90.86,94.25
1627755141.0,45.00,91.04,94.27
1627755171.0,45.10,90.86,94.00
1627755201.0,45.20,90.86,94.04
1627755231.0,44.80,91.04,94.18
1627755261.0,44.50,91.04,94.05
1627755291.0,44.40,91.04,94.01
1627755321.0,44.10,91.04,93.88
1627755351.0,44.10,91.04,93.88
1627755381.0,44.40,90.86,93.70
1627755411.0,44.40,90.86,93.70
1627755441.0,44.30,91.04,93.96
1627755471.0,44.50,91.04,94.05
1627755501.0,44.70,91.04,94.14
1627755531.0,45.00,91.04,94.27
1627755561.0,44.60,91.04,94.09
1627755591.0,45.50,91.22,94.81
1627755621.0,44.40,91.04,94.01
1627755651.0,43.90,91.04,93.79
1627755681.0,43.90,91.04,93.79
1627755711.0,44.40,90.86,93.70
1627755741.0,44.00,90.86,93.53
1627755770.0,44.20,90.86,93.61
1627755800.0,43.70,90.86,93.41
1627755830.0,43.50,90.68,93.03
1627755860.0,43.40,90.32,92.40
1627755890.0,43.50,90.14,92.14
1627755920.0,43.70,90.14,92.22
1627755950.0,43.90,90.14,92.30
1627755980.0,43.90,90.14,92.30
1627756010.0,44.10,90.14,92.37
1627756040.0,44.00,90.14,92.33
1627756070.0,44.50,90.14,92.53
1627756100.0,44.80,90.32,92.95
1627756130.0,45.40,90.32,93.19
1627756160.0,45.40,90.32,93.19
1627756190.0,45.10,90.32,93.07
1627756220.0,45.00,90.32,93.03
1627756250.0,44.50,90.32,92.83
1627756280.0,44.30,90.32,92.75
1627756310.0,44.10,90.32,92.67
1627756340.0,44.20,90.32,92.71
1627756370.0,44.40,90.32,92.79
1627756400.0,44.60,90.14,92.57
1627756430.0,45.00,90.14,92.73
1627756460.0,44.90,90.32,92.99
1627756490.0,44.50,90.32,92.83
1627756520.0,44.40,90.14,92.49
1627756550.0,44.50,90.14,92.53
1627756580.0,44.90,90.14,92.69
1627756610.0,45.60,89.96,92.66
1627756640.0,45.60,89.60,92.06
1627756670.0,45.40,89.42,91.69
1627756700.0,45.10,89.24,91.29
1627756730.0,45.30,89.06,91.08
1627756760.0,45.70,88.88,90.94
1627756790.0,45.90,88.52,90.44
1627756820.0,45.40,88.34,89.99
1627756849.0,45.00,88.52,90.14
1627756879.0,44.90,88.52,90.10
1627756909.0,44.90,88.70,90.38
1627756939.0,45.10,88.70,90.45
1627756969.0,45.70,89.06,91.22
1627756999.0,45.60,89.06,91.19
1627757029.0,45.50,89.24,91.44
1627757059.0,45.90,89.24,91.59
1627757089.0,46.00,89.42,91.92
1627757119.0,46.00,89.60,92.22
1627757149.0,46.20,89.60,92.30
1627757179.0,45.90,89.60,92.18
1627757209.0,45.70,89.78,92.40
1627757239.0,46.10,89.96,92.86
1627757269.0,45.40,90.14,92.89
1627757299.0,45.30,90.32,93.15
1627757329.0,44.80,90.32,92.95
1627757359.0,44.60,90.50,93.17
1627757389.0,44.60,90.32,92.87
1627757419.0,44.80,90.32,92.95
1627757449.0,45.30,90.14,92.85
1627757479.0,46.00,89.96,92.82
1627757509.0,46.50,89.96,93.02
1627757539.0,45.70,89.96,92.70
1627757569.0,45.50,90.14,92.93
1627757599.0,45.50,90.14,92.93
1627757629.0,45.20,90.32,93.11
1627757659.0,45.80,90.50,93.67
1627757689.0,46.10,90.50,93.79
1627757719.0,46.40,90.68,94.24
1627757749.0,46.40,90.86,94.56
1627757779.0,46.50,91.04,94.93
1627757809.0,46.20,91.22,95.12
1627757839.0,45.30,91.22,94.72
1627757868.0,44.80,91.04,94.18
1627757898.0,45.00,90.68,93.64
1627757928.0,45.30,90.14,92.85
1627757958.0,45.00,89.78,92.13
1627757988.0,45.10,89.24,91.29
1627758018.0,45.40,88.88,90.83
1627758048.0,45.80,88.52,90.41
1627758078.0,46.20,88.16,89.98
1627758108.0,46.20,87.80,89.43
1627758138.0,46.20,87.80,89.43
1627758168.0,46.20,87.80,89.43
1627758198.0,46.70,88.16,90.15
1627758228.0,47.10,88.34,90.57
1627758258.0,47.20,88.70,91.19
1627758288.0,47.20,88.88,91.48
1627758318.0,47.50,89.24,92.20
1627758348.0,46.70,89.60,92.49
1627758378.0,46.10,89.96,92.86
1627758408.0,45.80,90.32,93.36
1627758438.0,45.50,90.68,93.85
1627758468.0,45.00,90.86,93.95
1627758498.0,44.60,91.22,94.41
1627758528.0,44.00,91.04,93.84
1627758558.0,43.70,91.22,94.02
1627758588.0,43.90,91.40,94.41
1627758618.0,44.50,91.58,95.00
1627758648.0,44.60,91.58,95.04
1627758678.0,44.30,91.58,94.91
1627758708.0,44.10,91.94,95.46
1627758738.0,43.70,92.30,95.92
1627758768.0,43.30,92.66,96.38
1627758798.0,43.10,93.02,96.94
1627758828.0,43.10,93.38,97.60
1627758858.0,43.00,93.74,98.23
1627758888.0,42.50,93.92,98.30
1627758917.0,42.30,94.10,98.54
1627758947.0,42.10,94.46,99.12
1627758977.0,42.10,94.64,99.46
1627759007.0,42.60,94.82,100.09
1627759037.0,43.30,94.82,100.50
1627759067.0,42.10,94.82,99.81
1627759097.0,41.60,94.64,99.18
1627759127.0,41.50,94.46,98.79
1627759157.0,41.70,94.28,98.56
1627759187.0,42.50,94.10,98.65
1627759217.0,43.10,93.92,98.63
1627759247.0,42.90,93.74,98.18
1627759277.0,43.60,93.74,98.55
1627759307.0,43.60,93.56,98.20
1627759337.0,43.40,93.56,98.10
1627759367.0,43.50,93.38,97.81
1627759397.0,43.30,93.38,97.71
1627759427.0,43.10,93.20,97.27
1627759457.0,43.00,93.20,97.22
1627759487.0,43.50,93.20,97.47
1627759517.0,43.60,93.38,97.86
1627759547.0,43.10,93.56,97.94
1627759577.0,43.40,93.74,98.44
1627759607.0,43.20,94.10,99.03
1627759637.0,43.30,94.46,99.79
1627759667.0,42.90,94.64,99.91
1627759697.0,42.40,95.18,100.69
1627759727.0,42.40,95.54,101.41
1627759757.0,42.40,95.90,102.14
1627759787.0,41.20,96.26,102.13
1627759817.0,40.30,96.80,102.65
1627759847.0,40.30,97.16,103.38
1627759877.0,40.80,96.62,102.60
1627759907.0,41.20,96.80,103.23
1627759937.0,41.40,96.98,103.73
1627759967.0,40.70,96.98,103.27
1627759996.0,39.70,97.16,102.99
1627760026.0,40.00,97.52,103.92
1627760056.0,40.10,96.26,101.45
1627760086.0,40.60,95.36,100.00
1627760116.0,40.80,94.46,98.42
1627760146.0,41.00,93.38,96.56
1627760176.0,41.50,92.66,95.53
1627760206.0,41.80,91.94,94.43
1627760236.0,42.50,91.04,93.22
1627760266.0,42.90,90.32,92.20
1627760296.0,43.30,89.78,91.50
1627760326.0,43.70,89.42,91.08
1627760356.0,43.60,89.78,91.61
1627760386.0,43.50,90.50,92.73
1627760416.0,43.30,90.86,93.24
1627760446.0,43.60,91.40,94.28
1627760476.0,43.80,91.94,95.32
1627760506.0,43.90,92.30,96.01
1627760536.0,43.50,92.84,96.80
1627760566.0,43.50,93.02,97.14
1627760596.0,43.50,92.66,96.47
1627760626.0,43.40,92.30,95.77
1627760656.0,43.40,92.12,95.45
1627760686.0,43.80,91.94,95.32
1627760716.0,42.80,91.94,94.87
1627760746.0,42.90,91.94,94.91
1627760776.0,43.00,91.58,94.33
1627760806.0,43.10,91.22,93.76
1627760836.0,43.40,91.04,93.59
1627760866.0,43.80,90.86,93.45
1627760896.0,44.00,90.68,93.23
1627760926.0,43.90,90.50,92.89
1627760956.0,44.10,90.32,92.67
1627760986.0,44.40,90.14,92.49
1627761016.0,44.50,89.96,92.23
1627761045.0,44.40,89.78,91.90
1627761075.0,44.10,89.78,91.79
1627761105.0,44.40,89.42,91.33
1627761135.0,45.10,89.42,91.58
1627761165.0,45.70,89.24,91.51
1627761195.0,45.60,89.06,91.19
1627761225.0,46.20,89.06,91.41
1627761255.0,46.80,89.06,91.63
1627761285.0,47.40,88.88,91.55
1627761315.0,47.50,88.70,91.29
1627761345.0,47.40,88.70,91.26
1627761375.0,47.70,88.70,91.37
1627761405.0,47.90,88.70,91.44
1627761435.0,47.20,88.52,90.89
1627761465.0,46.30,88.52,90.58
1627761495.0,46.20,88.52,90.54
1627761525.0,45.90,88.52,90.44
1627761555.0,45.80,88.34,90.13
1627761585.0,46.30,88.34,90.30
1627761615.0,46.50,88.16,90.08
1627761645.0,46.70,88.16,90.15
1627761675.0,46.70,88.16,90.15
1627761705.0,46.70,88.16,90.15
1627761735.0,46.20,88.16,89.98
1627761765.0,45.80,87.98,89.58
1627761795.0,45.60,87.98,89.51
1627761825.0,45.60,87.98,89.51
1627761855.0,45.90,87.98,89.61
1627761885.0,46.50,88.16,90.08
1627761915.0,46.40,88.34,90.33
1627761945.0,46.40,88.34,90.33
1627761975.0,46.20,88.52,90.54
1627762005.0,46.70,88.52,90.72
1627762035.0,46.90,88.52,90.79
1627762064.0,47.20,88.52,90.89
1627762094.0,47.10,88.52,90.86
1627762124.0,45.90,88.70,90.72
1627762154.0,45.60,88.70,90.62
1627762184.0,45.80,88.70,90.69
1627762214.0,46.00,88.88,91.04
1627762244.0,45.30,89.06,91.08
1627762274.0,44.60,89.24,91.11
1627762304.0,44.80,89.24,91.19
1627762334.0,44.80,89.24,91.19
1627762364.0,45.00,89.24,91.26
1627762394.0,45.60,89.42,91.77
1627762424.0,45.20,89.42,91.62
1627762454.0,45.30,89.42,91.66
1627762484.0,45.70,89.24,91.51
1627762514.0,46.10,89.24,91.66
1627762544.0,46.30,89.06,91.44
1627762574.0,46.10,89.06,91.37
1627762604.0,45.40,89.06,91.12
1627762634.0,46.00,89.06,91.33
1627762664.0,46.70,89.06,91.59
1627762694.0,46.60,89.06,91.55
1627762724.0,46.50,89.24,91.81
1627762754.0,46.00,89.42,91.92
1627762784.0,45.30,89.78,92.25
1627762814.0,45.50,90.32,93.23
1627762844.0,45.20,90.68,93.73
1627762874.0,44.70,91.40,94.77
1627762904.0,44.30,91.76,95.23
1627762934.0,43.10,92.30,95.63
1627762964.0,42.70,92.84,96.41
1627762994.0,42.70,93.20,97.07
1627763024.0,42.30,93.56,97.53
1627763054.0,42.60,93.74,98.02
1627763084.0,42.70,93.74,98.07
1627763113.0,42.90,93.74,98.18
1627763143.0,42.90,93.92,98.52
1627763173.0,42.40,93.92,98.25
1627763203.0,42.60,94.10,98.70
1627763233.0,42.30,94.10,98.54
1627763263.0,42.90,94.28,99.21
1627763293.0,43.00,94.28,99.26
1627763323.0,42.30,94.46,99.23
1627763353.0,41.80,94.46,98.95
1627763383.0,41.30,94.46,98.68
1627763413.0,41.00,94.64,98.86
1627763443.0,40.80,94.64,98.75
1627763473.0,41.10,95.00,99.59
1627763503.0,41.00,95.18,99.88
1627763533.0,41.10,95.54,100.64
1627763563.0,41.00,95.54,100.58
1627763593.0,40.20,95.90,100.81
1627763623.0,39.80,96.26,101.27
1627763653.0,39.30,96.44,101.32
1627763683.0,39.50,96.80,102.15
1627763713.0,39.70,96.80,102.27
1627763743.0,39.70,96.98,102.63
1627763773.0,39.60,97.16,102.93
1627763803.0,39.50,97.16,102.86
1627763833.0,39.80,96.98,102.69
1627763863.0,39.30,96.44,101.32
1627763893.0,39.60,95.90,100.46
1627763923.0,39.70,95.54,99.84
1627763953.0,40.20,95.00,99.10
1627763983.0,40.60,94.46,98.31
1627764013.0,41.20,93.56,96.98
1627764043.0,41.10,93.20,96.29
1627764073.0,41.90,92.48,95.40
1627764103.0,42.10,91.76,94.25
1627764133.0,42.90,91.04,93.38
1627764162.0,43.50,90.32,92.43
1627764192.0,43.40,89.42,90.97
1627764222.0,43.90,88.70,90.04
1627764252.0,44.30,88.16,89.37
1627764282.0,45.00,87.62,88.80
1627764312.0,45.60,87.26,88.46
1627764342.0,46.40,86.90,88.17
1627764372.0,46.30,86.54,87.63
1627764402.0,46.00,86.36,87.30
1627764432.0,46.70,86.00,87.00
1627764462.0,47.60,85.82,86.98
1627764492.0,47.70,85.46,86.52
1627764522.0,48.20,85.28,86.40
1627764552.0,48.10,85.10,86.14
1627764582.0,48.60,84.92,86.01
1627764612.0,49.40,84.74,85.96
1627764642.0,50.20,84.56,85.91
1627764672.0,49.50,84.38,85.51
1627764702.0,49.60,84.20,85.30
1627764732.0,49.90,84.20,85.37
1627764762.0,50.40,84.02,85.24
1627764792.0,49.20,83.84,84.76
1627764822.0,48.60,83.84,84.64
1627764852.0,48.10,83.66,84.33
1627764882.0,48.40,83.48,84.17
1627764912.0,48.70,83.48,84.23
1627764942.0,48.60,83.12,83.79
1627764972.0,48.60,82.94,83.58
1627765002.0,49.60,82.76,83.55
1627765032.0,49.50,82.76,83.53
1627765062.0,49.40,82.58,83.31
1627765092.0,50.10,82.58,83.43
1627765122.0,51.20,82.40,83.40
1627765152.0,50.50,82.40,83.29
1627765181.0,50.10,82.22,83.02
1627765211.0,50.40,82.22,83.07
1627765241.0,50.20,82.22,83.04
1627765271.0,50.10,82.04,82.83
1627765301.0,51.00,82.04,82.96
1627765331.0,51.40,81.86,82.82
1627765361.0,51.50,81.86,82.84
1627765391.0,52.10,81.68,82.73
1627765421.0,52.30,81.68,82.76
1627765451.0,52.10,81.50,82.53
1627765481.0,51.60,81.50,82.46
1627765511.0,51.90,81.50,82.50
1627765541.0,52.10,81.50,82.53
1627765571.0,52.00,81.32,82.32
1627765601.0,52.40,81.32,82.37
1627765631.0,52.80,81.14,82.23
1627765661.0,52.30,81.14,82.17
1627765691.0,51.80,80.96,81.92
1627765721.0,51.70,80.96,81.90
1627765751.0,51.90,80.78,81.74
1627765781.0,51.80,80.60,81.55
1627765811.0,52.00,80.42,81.40
1627765841.0,52.50,80.42,81.45
1627765871.0,53.30,80.24,81.36
1627765901.0,53.30,80.06,81.18
1627765931.0,53.70,79.88,81.04
1627765961.0,54.50,79.70,80.94
1627765991.0,53.80,79.52,80.71
1627766021.0,53.40,79.52,80.67
1627766051.0,52.90,79.52,80.63
1627766081.0,52.50,79.52,80.60
1627766111.0,52.10,79.34,80.41
1627766141.0,51.70,79.52,80.53
1627766170.0,51.50,79.34,80.36
1627766200.0,51.70,79.16,80.22
1627766230.0,52.20,79.16,80.26
1627766260.0,52.50,78.98,80.13
1627766290.0,52.90,78.80,78.87
1627766320.0,53.70,78.80,78.90
1627766350.0,54.60,78.62,78.75
1627766380.0,55.40,78.62,78.79
1627766410.0,55.80,78.62,78.80
1627766440.0,55.20,78.44,78.58
1627766470.0,55.10,78.44,78.57
1627766500.0,55.50,78.26,78.39
1627766530.0,55.20,78.26,78.38
1627766560.0,54.70,78.08,78.16
1627766590.0,54.70,78.08,78.16
1627766620.0,54.80,78.08,78.16
1627766650.0,54.80,78.08,78.16
1627766680.0,54.60,77.90,77.96
1627766710.0,54.60,77.90,77.96
1627766740.0,54.30,77.72,77.74
1627766770.0,54.10,77.72,77.73
1627766800.0,53.90,77.72,77.73
1627766830.0,53.90,77.54,77.53
1627766860.0,54.10,77.54,77.54
1627766890.0,54.50,77.36,77.36
1627766920.0,54.80,77.36,77.37
1627766950.0,55.20,77.36,77.39
1627766980.0,55.60,77.36,77.41
1627767010.0,55.40,77.18,77.20
1627767040.0,55.40,77.18,77.20
1627767070.0,55.40,77.18,77.20
1627767100.0,55.30,77.18,77.20
1627767129.0,55.60,77.00,77.01
1627767159.0,55.70,77.00,77.02
1627767189.0,55.40,77.00,77.00
1627767219.0,55.40,77.00,77.00
1627767249.0,55.50,76.82,76.81
1627767279.0,55.60,76.82,76.82
1627767309.0,55.60,76.82,76.82
1627767339.0,56.50,76.82,76.86
1627767369.0,56.10,76.82,76.84
1627767399.0,56.50,76.64,76.66
1627767429.0,56.30,76.64,76.65
1627767459.0,56.40,76.64,76.65
1627767489.0,56.50,76.46,76.46
1627767519.0,56.30,76.46,76.45
1627767549.0,56.60,76.46,76.47
1627767579.0,56.20,76.46,76.45
1627767609.0,55.20,76.46,76.40
1627767639.0,54.30,76.46,76.36
1627767669.0,54.00,76.46,76.34
1627767699.0,53.80,76.46,76.33
1627767729.0,53.90,76.64,76.54
1627767759.0,54.20,76.64,76.55
1627767789.0,54.10,76.64,76.55
1627767819.0,54.20,76.64,76.55
1627767849.0,54.70,76.46,76.38
1627767879.0,55.00,76.46,76.39
1627767909.0,55.20,76.46,76.40
1627767939.0,55.40,76.28,76.21
1627767969.0,55.30,76.28,76.21
1627767999.0,55.40,76.28,76.21
1627768029.0,55.10,76.28,76.20
1627768059.0,54.40,76.28,76.16
1627768088.0,54.10,76.28,76.15
1627768118.0,53.90,76.28,76.14
1627768148.0,53.90,76.28,76.14
1627768178.0,53.90,76.28,76.14
1627768208.0,54.10,76.28,76.15
1627768238.0,53.50,76.28,76.12
1627768268.0,53.30,76.28,76.11
1627768298.0,53.20,76.28,76.11
1627768328.0,52.80,76.28,76.09
1627768358.0,52.80,76.28,76.09
1627768388.0,52.40,76.28,76.07
1627768418.0,52.50,76.28,76.08
1627768448.0,52.60,76.28,76.08
1627768478.0,53.00,76.10,75.90
1627768508.0,53.10,76.10,75.91
1627768538.0,53.30,76.10,75.92
1627768568.0,53.10,76.10,75.91
1627768598.0,53.20,76.10,75.91
1627768628.0,53.20,76.10,75.91
1627768658.0,53.40,76.10,75.92
1627768688.0,54.30,76.10,75.96
1627768718.0,54.50,76.10,75.97
1627768748.0,54.40,76.10,75.97
1627768778.0,54.70,76.10,75.98
1627768808.0,54.40,76.10,75.97
1627768838.0,54.70,76.28,76.18
1627768868.0,55.00,76.28,76.19
1627768898.0,55.30,76.28,76.21
1627768928.0,55.10,76.28,76.20
1627768958.0,55.30,76.28,76.21
1627768988.0,56.20,76.10,76.05
1627769018.0,55.70,76.10,76.03
1627769047.0,55.90,76.10,76.04
1627769077.0,55.70,75.92,75.83
1627769107.0,55.70,75.92,75.83
1627769137.0,54.60,75.92,75.78
1627769167.0,54.30,75.92,75.76
1627769197.0,54.40,75.92,75.77
1627769227.0,54.20,75.92,75.76
1627769257.0,54.10,75.92,75.75
1627769287.0,54.40,76.10,75.97
1627769317.0,54.70,76.10,75.98
1627769347.0,55.00,76.10,76.00
1627769377.0,55.50,76.10,76.02
1627769407.0,55.60,76.10,76.02
1627769437.0,55.60,76.10,76.02
1627769467.0,55.60,76.10,76.02
1627769497.0,55.20,76.10,76.00
1627769527.0,55.40,76.10,76.01
1627769557.0,55.50,76.10,76.02
1627769587.0,55.80,76.10,76.03
1627769617.0,55.80,76.10,76.03
1627769647.0,55.70,76.10,76.03
1627769677.0,55.60,76.10,76.02
1627769707.0,55.40,76.10,76.01
1627769737.0,55.50,76.10,76.02
1627769767.0,54.80,76.10,75.99
1627769797.0,54.90,76.10,75.99
1627769827.0,55.00,76.10,76.00
1627769857.0,55.70,76.10,76.03
1627769887.0,54.40,75.92,75.77
1627769917.0,54.80,75.92,75.79
1627769947.0,55.50,75.92,75.82
1627769977.0,55.70,75.92,75.83
1627770007.0,56.20,75.92,75.85
1627770036.0,56.10,75.74,75.65
1627770066.0,56.30,75.74,75.66
1627770096.0,56.50,75.74,75.67
1627770126.0,57.20,75.74,75.70
1627770156.0,57.90,75.74,75.74
1627770186.0,56.90,75.74,75.69
1627770216.0,56.50,75.74,75.67
1627770246.0,57.50,75.74,75.72
1627770276.0,57.80,75.74,75.73
1627770306.0,57.10,75.74,75.70
1627770336.0,56.60,75.56,75.48
1627770366.0,57.20,75.56,75.50
1627770396.0,57.30,75.56,75.51
1627770426.0,57.40,75.56,75.51
1627770456.0,56.60,75.56,75.48
1627770486.0,56.30,75.56,75.46
1627770516.0,56.10,75.56,75.45
1627770546.0,55.00,75.56,75.40
1627770576.0,54.90,75.56,75.40
1627770606.0,55.00,75.38,75.20
1627770636.0,55.20,75.38,75.21
1627770666.0,55.30,75.38,75.22
1627770696.0,55.40,75.38,75.22
1627770726.0,55.60,75.38,75.23
1627770756.0,55.90,75.38,75.25
1627770786.0,56.10,75.38,75.25
1627770816.0,56.30,75.38,75.26
1627770846.0,56.40,75.38,75.27
1627770876.0,56.30,75.38,75.26
1627770906.0,56.30,75.38,75.26
1627770936.0,56.30,75.38,75.26
1627770966.0,56.60,75.38,75.28
1627770995.0,56.50,75.38,75.27
1627771025.0,56.80,75.38,75.29
1627771055.0,56.40,75.20,75.07
1627771085.0,56.40,75.20,75.07
1627771115.0,56.70,75.20,75.08
1627771145.0,56.60,75.02,74.88
1627771175.0,56.90,75.02,74.90
1627771205.0,56.90,75.02,74.90
1627771235.0,56.50,75.02,74.88
1627771265.0,56.90,75.02,74.90
1627771295.0,56.70,75.02,74.89
1627771325.0,57.00,75.02,74.90
1627771355.0,57.20,74.84,74.71
1627771385.0,57.00,74.84,74.70
1627771415.0,57.00,74.84,74.70
1627771445.0,57.10,74.84,74.71
1627771475.0,57.40,74.84,74.72
1627771505.0,57.80,74.84,74.74
1627771535.0,57.80,74.84,74.74
1627771565.0,58.20,74.84,74.76
1627771595.0,59.40,74.66,74.62
1627771625.0,59.20,74.66,74.61
1627771655.0,58.50,74.66,74.58
1627771685.0,58.40,74.66,74.57
1627771715.0,58.40,74.48,74.37
1627771745.0,58.50,74.48,74.38
1627771775.0,58.30,74.48,74.37
1627771805.0,58.20,74.48,74.36
1627771835.0,58.20,74.48,74.36
1627771865.0,58.20,74.48,74.36
1627771895.0,58.20,74.30,74.17
1627771925.0,58.30,74.48,74.37
1627771954.0,58.30,74.48,74.37
1627771984.0,58.60,74.30,74.18
1627772014.0,58.80,74.30,74.19
1627772044.0,58.80,74.30,74.19
1627772074.0,58.60,74.30,74.18
1627772104.0,58.70,74.12,73.99
1627772134.0,59.10,74.12,74.01
1627772164.0,58.40,74.12,73.98
1627772194.0,58.30,74.12,73.97
1627772224.0,58.50,74.12,73.98
1627772254.0,58.40,74.12,73.98
1627772284.0,57.90,73.94,73.76
1627772314.0,58.10,73.94,73.76
1627772344.0,57.90,73.94,73.76
1627772374.0,58.30,73.94,73.77
1627772404.0,58.60,73.94,73.79
1627772434.0,58.50,73.94,73.78
1627772464.0,58.60,73.94,73.79
1627772494.0,58.70,73.94,73.79
1627772524.0,58.80,73.76,73.60
1627772554.0,58.60,73.76,73.59
1627772584.0,58.20,73.76,73.57
1627772614.0,58.10,73.76,73.57
1627772644.0,58.10,73.76,73.57
1627772674.0,58.20,73.76,73.57
1627772704.0,58.30,73.76,73.58
1627772734.0,58.40,73.76,73.58
1627772764.0,58.40,73.58,73.38
1627772794.0,58.40,73.58,73.38
1627772824.0,59.60,73.58,73.44
1627772854.0,59.70,73.40,73.25
1627772884.0,59.80,73.40,73.25
1627772913.0,59.50,73.40,73.24
1627772943.0,59.90,73.40,73.26
1627772973.0,59.10,73.58,73.42
1627773003.0,58.90,73.58,73.41
1627773033.0,59.00,73.40,73.21
1627773063.0,59.20,73.40,73.22
1627773093.0,59.30,73.40,73.23
1627773123.0,59.10,73.40,73.22
1627773153.0,59.10,73.40,73.22
1627773183.0,59.30,73.22,73.03
1627773213.0,59.10,73.22,73.02
1627773243.0,58.90,73.22,73.01
1627773273.0,58.90,73.22,73.01
1627773303.0,59.00,73.22,73.02
1627773333.0,59.20,73.22,73.02
1627773363.0,59.20,73.22,73.02
1627773393.0,59.30,73.22,73.03
1627773423.0,59.40,73.22,73.03
1627773453.0,60.00,73.22,73.06
1627773483.0,60.40,73.04,72.88
1627773513.0,60.40,73.04,72.88
1627773543.0,60.40,73.04,72.88
1627773573.0,60.10,73.04,72.87
1627773603.0,59.80,73.04,72.85
1627773633.0,59.60,72.86,72.65
1627773663.0,60.00,72.86,72.67
1627773693.0,60.50,72.86,72.69
1627773723.0,60.60,72.86,72.69
1627773753.0,60.70,72.86,72.70
1627773782.0,60.50,72.68,72.49
1627773812.0,60.30,72.68,72.48
1627773842.0,60.20,72.68,72.48
1627773872.0,60.30,72.68,72.48
1627773902.0,60.60,72.68,72.50
1627773932.0,60.60,72.68,72.50
1627773962.0,60.90,72.68,72.51
1627773992.0,61.10,72.68,72.52
1627774022.0,61.30,72.50,72.33
1627774052.0,61.10,72.50,72.32
1627774082.0,62.20,72.50,72.37
1627774112.0,63.20,72.50,72.42
1627774142.0,62.00,72.50,72.36
1627774172.0,61.60,72.32,72.15
1627774202.0,61.90,72.32,72.16
1627774232.0,61.90,72.32,72.16
1627774262.0,61.70,72.32,72.15
1627774292.0,61.60,72.32,72.15
1627774322.0,61.60,72.32,72.15
1627774352.0,61.60,72.32,72.15
1627774382.0,61.40,72.32,72.14
1627774412.0,61.10,72.32,72.12
1627774442.0,60.90,72.32,72.11
1627774472.0,61.00,72.32,72.12
1627774502.0,61.30,72.32,72.13
1627774532.0,61.30,72.14,71.94
1627774562.0,61.20,72.14,71.93
1627774592.0,61.00,72.14,71.92
1627774622.0,60.90,72.14,71.92
1627774652.0,60.90,72.14,71.92
1627774682.0,61.10,72.14,71.93
1627774712.0,61.20,72.14,71.93
1627774741.0,60.90,72.14,71.92
1627774771.0,60.90,72.14,71.92
1627774801.0,60.70,71.96,71.71
1627774831.0,60.90,71.96,71.72
1627774861.0,60.70,71.96,71.71
1627774891.0,60.70,71.96,71.71
1627774921.0,60.60,71.96,71.70
1627774951.0,60.50,71.96,71.70
1627774981.0,60.40,71.78,71.50
1627775011.0,60.50,71.78,71.50
1627775041.0,60.70,71.78,71.51
1627775071.0,60.80,71.78,71.52
1627775101.0,60.70,71.60,71.31
1627775131.0,60.50,71.60,71.30
1627775161.0,60.50,71.60,71.30
1627775191.0,60.70,71.60,71.31
1627775221.0,60.90,71.60,71.32
1627775251.0,60.70,71.60,71.31
1627775281.0,60.70,71.42,71.11
1627775311.0,60.70,71.42,71.11
1627775341.0,60.70,71.42,71.11
1627775371.0,61.00,71.42,71.13
1627775401.0,61.30,71.42,71.14
1627775431.0,61.20,71.42,71.14
1627775461.0,61.00,71.24,70.93
1627775491.0,60.80,71.24,70.92
1627775521.0,60.90,71.24,70.93
1627775551.0,61.00,71.24,70.93
1627775581.0,60.90,71.24,70.93
1627775611.0,61.00,71.24,70.93
1627775641.0,61.20,71.06,70.74
1627775670.0,61.10,71.06,70.74
1627775700.0,61.10,71.06,70.74
1627775730.0,61.10,70.88,70.54
1627775760.0,61.20,70.88,70.54
1627775790.0,61.40,70.88,70.55
1627775820.0,61.50,70.88,70.56
1627775850.0,61.50,70.88,70.56
1627775880.0,61.90,70.88,70.58
1627775910.0,62.10,70.70,70.39
1627775940.0,62.00,70.70,70.38
1627775970.0,62.10,70.70,70.39
1627776000.0,62.20,70.70,70.39
1627776030.0,62.30,70.70,70.40
1627776060.0,62.20,70.52,70.20
1627776090.0,62.30,70.52,70.20
1627776120.0,62.40,70.52,70.20
1627776150.0,62.40,70.52,70.20
1627776180.0,62.20,70.52,70.20
1627776210.0,62.20,70.34,70.00
1627776240.0,62.10,70.34,69.99
1627776270.0,62.00,70.34,69.99
1627776300.0,62.20,70.34,70.00
1627776330.0,62.20,70.34,70.00
1627776360.0,62.30,70.34,70.00
1627776390.0,62.40,70.34,70.01
1627776420.0,62.40,70.34,70.01
1627776450.0,62.70,70.16,69.82
1627776480.0,62.90,70.16,69.83
1627776510.0,62.80,70.16,69.83
1627776540.0,62.70,70.16,69.82
1627776570.0,62.80,70.16,69.83
1627776599.0,63.00,70.16,69.84
1627776629.0,63.00,69.98,69.64
1627776659.0,63.00,69.98,69.64
1627776689.0,62.80,69.98,69.63
1627776719.0,62.80,69.98,69.63
1627776749.0,62.90,69.98,69.63
1627776779.0,63.30,69.80,69.46
1627776809.0,63.50,69.80,69.46
1627776839.0,63.70,69.80,69.47
1627776869.0,64.00,69.80,69.49
1627776899.0,63.90,69.80,69.48
1627776929.0,63.70,69.80,69.47
1627776959.0,63.90,69.62,69.29
1627776989.0,64.20,69.62,69.30
1627777019.0,64.20,69.62,69.30
1627777049.0,64.30,69.62,69.30
1627777079.0,64.90,69.62,69.33
1627777109.0,65.70,69.62,69.37
1627777139.0,66.10,69.62,69.39
1627777169.0,66.60,69.62,69.41
1627777199.0,67.30,69.44,69.25
1627777229.0,68.30,69.44,69.29
1627777259.0,68.60,69.44,69.31
1627777289.0,69.00,69.44,69.33
1627777319.0,69.00,69.44,69.33
1627777349.0,69.30,69.26,69.14
1627777379.0,69.10,69.26,69.13
1627777409.0,69.70,69.26,69.16
1627777439.0,69.90,69.26,69.17
1627777469.0,69.90,69.08,68.97
1627777499.0,70.00,69.08,68.98
1627777528.0,69.70,69.08,68.96
1627777558.0,69.40,69.08,68.95
1627777588.0,69.10,68.90,68.74
1627777618.0,69.20,68.90,68.74
1627777648.0,69.10,68.90,68.74
1627777678.0,69.10,68.90,68.74
1627777708.0,69.10,68.90,68.74
1627777738.0,69.00,68.90,68.73
1627777768.0,69.00,68.90,68.73
1627777798.0,68.90,68.72,68.53
1627777828.0,68.90,68.72,68.53
1627777858.0,69.00,68.72,68.53
1627777888.0,69.30,68.72,68.55
1627777918.0,69.30,68.72,68.55
1627777948.0,69.20,68.72,68.54
1627777978.0,69.80,68.54,68.37
1627778008.0,70.00,68.54,68.38
1627778038.0,70.00,68.54,68.38
1627778068.0,70.20,68.54,68.39
1627778098.0,70.50,68.36,68.21
1627778128.0,70.50,68.36,68.21
1627778158.0,70.40,68.36,68.20
1627778188.0,70.20,68.36,68.20
1627778218.0,69.80,68.36,68.18
1627778248.0,69.40,68.36,68.16
1627778278.0,69.20,68.36,68.15
1627778308.0,69.10,68.18,67.95
1627778338.0,69.00,68.18,67.94
1627778368.0,68.60,68.18,67.92
1627778398.0,68.30,68.18,67.91
1627778428.0,68.10,68.18,67.90
1627778457.0,68.00,68.18,67.89
1627778487.0,68.00,68.00,67.70
1627778517.0,68.00,68.00,67.70
1627778547.0,68.10,68.00,67.70
1627778577.0,68.20,68.00,67.71
1627778607.0,68.30,67.82,67.51
1627778637.0,68.40,67.82,67.52
1627778667.0,68.50,67.82,67.52
1627778697.0,68.70,67.82,67.53
1627778727.0,68.80,67.82,67.54
1627778757.0,68.80,67.64,67.34
1627778787.0,68.90,67.64,67.34
1627778817.0,68.90,67.64,67.34
1627778847.0,68.70,67.64,67.33
1627778877.0,68.40,67.64,67.32
1627778907.0,68.40,67.64,67.32
1627778937.0,68.30,67.46,67.12
1627778967.0,68.40,67.46,67.12
1627778997.0,68.40,67.46,67.12
1627779027.0,68.70,67.46,67.13
1627779057.0,69.00,67.46,67.15
1627779087.0,69.20,67.28,66.96
1627779117.0,69.60,67.28,66.98
1627779147.0,69.60,67.28,66.98
1627779177.0,69.60,67.28,66.98
1627779207.0,69.70,67.10,66.79
1627779237.0,69.90,67.10,66.80
1627779267.0,69.90,67.10,66.80
1627779297.0,70.10,67.10,66.80
1627779327.0,70.10,67.10,66.80
1627779357.0,70.40,67.10,66.82
1627779386.0,70.40,67.10,66.82
1627779416.0,70.70,66.92,66.63
1627779446.0,70.90,66.92,66.64
1627779476.0,71.10,66.92,66.65
1627779506.0,71.20,66.92,66.66
1627779536.0,71.00,66.92,66.65
1627779566.0,71.10,66.92,66.65
1627779596.0,71.50,66.92,66.67
1627779626.0,72.20,66.92,66.71
1627779656.0,72.70,66.92,66.73
1627779686.0,72.70,66.92,66.73
1627779716.0,72.90,66.92,66.74
1627779746.0,73.10,66.92,66.75
1627779776.0,72.90,66.74,66.54
1627779806.0,72.80,66.74,66.54
1627779836.0,72.50,66.74,66.52
1627779866.0,72.50,66.74,66.52
1627779896.0,72.70,66.74,66.53
1627779926.0,72.70,66.56,66.33
1627779956.0,72.70,66.56,66.33
1627779986.0,73.00,66.56,66.35
1627780016.0,73.20,66.56,66.36
1627780046.0,73.20,66.56,66.36
1627780076.0,73.10,66.56,66.35
1627780106.0,72.80,66.38,66.14
1627780136.0,72.90,66.38,66.14
1627780166.0,72.80,66.38,66.14
1627780196.0,73.00,66.38,66.15
1627780226.0,72.90,66.38,66.14
1627780256.0,73.20,66.38,66.16
1627780286.0,73.40,66.20,65.97
1627780315.0,73.40,66.20,65.97
1627780345.0,73.40,66.02,65.77
1627780375.0,73.60,66.02,65.78
1627780405.0,73.60,66.02,65.78
1627780435.0,73.60,66.02,65.78
1627780465.0,73.80,66.02,65.79
1627780495.0,73.90,66.02,65.80
1627780525.0,74.00,65.84,65.60
1627780555.0,74.10,65.84,65.61
1627780585.0,74.30,65.84,65.62
1627780615.0,74.30,65.84,65.62
1627780645.0,74.50,65.84,65.63
1627780675.0,74.70,65.84,65.63
1627780705.0,74.90,65.84,65.64
1627780735.0,75.20,65.84,65.66
1627780765.0,75.00,65.66,65.45
1627780795.0,75.00,65.66,65.45
1627780825.0,75.20,65.66,65.46
1627780855.0,75.40,65.66,65.47
1627780885.0,75.50,65.66,65.47
1627780915.0,75.70,65.66,65.48
1627780945.0,75.70,65.66,65.48
1627780975.0,75.80,65.66,65.49
1627781005.0,75.70,65.66,65.48
1627781035.0,75.80,65.66,65.49
1627781065.0,75.60,65.66,65.48
1627781095.0,75.70,65.66,65.48
1627781125.0,75.80,65.66,65.49
1627781155.0,75.60,65.66,65.48
1627781185.0,75.30,65.66,65.47
1627781215.0,75.10,65.48,65.26
1627781245.0,74.80,65.48,65.24
1627781274.0,74.90,65.48,65.25
1627781304.0,75.00,65.48,65.25
1627781334.0,74.70,65.48,65.24
1627781364.0,74.60,65.48,65.23
1627781394.0,74.60,65.48,65.23
1627781424.0,75.20,65.48,65.26
1627781454.0,75.20,65.48,65.26
1627781484.0,75.30,65.48,65.27
1627781514.0,75.60,65.48,65.28
1627781544.0,75.50,65.48,65.28
1627781574.0,75.40,65.48,65.27
1627781604.0,75.60,65.30,65.08
1627781634.0,75.70,65.30,65.09
1627781664.0,75.80,65.30,65.09
1627781694.0,75.90,65.30,65.10
1627781724.0,75.90,65.30,65.10
1627781754.0,76.00,65.30,65.10
1627781784.0,75.50,65.30,65.08
1627781814.0,75.30,65.12,64.87
1627781844.0,75.20,65.12,64.87
1627781874.0,75.10,65.12,64.86
1627781904.0,75.10,65.12,64.86
1627781934.0,75.10,65.12,64.86
1627781964.0,75.20,65.12,64.87
1627781994.0,75.40,65.12,64.88
1627782024.0,75.50,65.12,64.88
1627782054.0,75.70,65.12,64.89
1627782084.0,75.80,65.12,64.89
1627782114.0,75.90,65.12,64.90
1627782144.0,76.10,65.12,64.91
1627782174.0,76.00,64.94,64.71
1627782203.0,75.90,64.94,64.70
1627782233.0,75.90,64.94,64.70
1627782263.0,75.80,64.94,64.70
1627782293.0,75.80,64.94,64.70
1627782323.0,75.80,64.94,64.70
1627782353.0,75.90,64.76,64.50
1627782383.0,76.00,64.76,64.51
1627782413.0,76.00,64.76,64.51
1627782443.0,76.20,64.76,64.52
1627782473.0,76.30,64.76,64.52
1627782503.0,76.00,64.76,64.51
1627782533.0,76.20,64.58,64.32
1627782563.0,76.30,64.58,64.32
1627782593.0,76.30,64.58,64.32
1627782623.0,76.20,64.58,64.32
1627782653.0,76.30,64.58,64.32
1627782683.0,76.40,64.58,64.33
1627782713.0,76.60,64.58,64.34
1627782743.0,76.60,64.40,64.14
1627782773.0,76.60,64.40,64.14
1627782803.0,76.80,64.40,64.15
1627782833.0,76.80,64.40,64.15
1627782863.0,76.70,64.40,64.14
1627782893.0,76.80,64.40,64.15
1627782923.0,76.70,64.40,64.14
1627782953.0,76.90,64.40,64.15
1627782983.0,77.10,64.40,64.16
1627783013.0,77.00,64.40,64.16
1627783043.0,77.30,64.40,64.17
1627783073.0,77.10,64.22,63.97
1627783102.0,77.00,64.22,63.96
1627783132.0,77.10,64.22,63.97
1627783162.0,77.00,64.22,63.96
1627783192.0,77.00,64.22,63.96
1627783222.0,77.40,64.22,63.98
1627783252.0,77.40,64.22,63.98
1627783282.0,77.20,64.22,63.97
1627783312.0,77.00,64.22,63.96
1627783342.0,76.90,64.22,63.96
1627783372.0,76.90,64.22,63.96
1627783402.0,77.10,64.22,63.97
1627783432.0,77.10,64.04,63.77
1627783462.0,77.20,64.04,63.77
1627783492.0,77.20,64.04,63.77
1627783522.0,77.20,64.04,63.77
1627783552.0,77.20,64.04,63.77
1627783582.0,77.40,64.04,63.78
1627783612.0,77.20,64.04,63.77
1627783642.0,77.40,64.04,63.78
1627783672.0,77.50,63.86,63.59
1627783702.0,77.50,63.86,63.59
1627783732.0,77.80,64.04,63.80
1627783762.0,78.00,63.86,63.61
1627783792.0,78.20,63.86,63.62
1627783822.0,78.20,63.86,63.62
1627783852.0,78.20,63.86,63.62
1627783882.0,78.10,63.86,63.62
1627783912.0,78.00,63.86,63.61
1627783942.0,78.00,63.86,63.61
1627783972.0,77.90,63.86,63.61
1627784002.0,77.70,63.86,63.60
1627784031.0,77.80,63.68,63.40
1627784061.0,77.70,63.68,63.40
1627784091.0,77.90,63.68,63.41
1627784121.0,78.00,63.68,63.41
1627784151.0,77.70,63.68,63.40
1627784181.0,77.70,63.68,63.40
1627784211.0,77.60,63.68,63.40
1627784241.0,77.80,63.68,63.40
1627784271.0,78.00,63.68,63.41
1627784301.0,78.20,63.68,63.42
1627784331.0,78.10,63.50,63.22
1627784361.0,78.00,63.50,63.22
1627784391.0,77.80,63.50,63.21
1627784421.0,77.90,63.50,63.21
1627784451.0,78.10,63.50,63.22
1627784481.0,78.10,63.50,63.22
1627784511.0,78.00,63.50,63.22
1627784541.0,78.10,63.50,63.22
1627784571.0,78.40,63.50,63.23
1627784601.0,78.30,63.50,63.23
1627784631.0,78.50,63.50,63.24
1627784661.0,78.40,63.50,63.23
1627784691.0,78.70,63.50,63.25
1627784721.0,78.60,63.50,63.24
1627784751.0,78.80,63.32,63.06
1627784781.0,78.70,63.32,63.05
1627784811.0,78.70,63.32,63.05
1627784841.0,78.70,63.32,63.05
1627784871.0,78.60,63.32,63.05
1627784901.0,78.60,63.32,63.05
1627784930.0,78.60,63.32,63.05
1627784960.0,78.60,63.32,63.05
1627784990.0,78.80,63.32,63.06
1627785020.0,79.00,63.32,63.07
1627785050.0,79.00,63.32,63.07
1627785080.0,79.00,63.32,63.07
1627785110.0,79.10,63.32,63.07
1627785140.0,79.20,63.32,63.07
1627785170.0,79.20,63.32,63.07
1627785200.0,79.10,63.14,62.87
1627785230.0,79.10,63.14,62.87
1627785260.0,79.00,63.14,62.87
1627785290.0,79.00,63.14,62.87
1627785320.0,79.00,63.14,62.87
1627785350.0,79.10,63.14,62.87
1627785380.0,79.10,63.14,62.87
1627785410.0,79.10,63.14,62.87
1627785440.0,79.10,63.14,62.87
1627785470.0,79.20,63.14,62.88
1627785500.0,79.10,63.14,62.87
1627785530.0,79.00,63.14,62.87
1627785560.0,79.00,63.14,62.87
1627785590.0,79.40,63.14,62.89
1627785620.0,79.60,62.96,62.70
1627785650.0,79.70,62.96,62.70
1627785680.0,79.50,62.96,62.69
1627785710.0,79.30,62.96,62.68
1627785740.0,79.20,62.96,62.68
1627785770.0,79.40,62.78,62.49
1627785800.0,79.30,62.78,62.49
1627785830.0,79.50,62.78,62.49
1627785859.0,79.70,62.78,62.50
1627785889.0,79.80,62.78,62.51
1627785919.0,79.80,62.78,62.51
1627785949.0,79.70,62.78,62.50
1627785979.0,79.90,62.78,62.51
1627786009.0,80.10,62.78,62.52
1627786039.0,80.20,62.78,62.53
1627786069.0,80.10,62.78,62.52
1627786099.0,80.00,62.78,62.52
1627786129.0,80.10,62.78,62.52
1627786159.0,80.20,62.78,62.53
1627786189.0,80.20,62.78,62.53
1627786219.0,80.20,62.78,62.53
1627786249.0,80.10,62.60,62.32
1627786279.0,80.20,62.78,62.53
1627786309.0,80.20,62.60,62.33
1627786339.0,80.30,62.60,62.33
1627786369.0,80.20,62.60,62.33
1627786399.0,80.30,62.60,62.33
1627786429.0,80.10,62.60,62.32
1627786459.0,80.20,62.60,62.33
1627786489.0,80.40,62.60,62.34
1627786519.0,80.40,62.60,62.34
1627786549.0,80.50,62.60,62.34
1627786579.0,80.50,62.60,62.34
1627786609.0,80.60,62.60,62.35
1627786639.0,80.60,62.60,62.35
1627786669.0,80.70,62.60,62.35
1627786699.0,80.50,62.60,62.34
1627786729.0,80.50,62.60,62.34
1627786758.0,80.40,62.60,62.34
1627786788.0,80.70,62.60,62.35
1627786818.0,80.60,62.60,62.35
1627786848.0,80.50,62.60,62.34
1627786878.0,80.60,62.60,62.35
1627786908.0,80.90,62.60,62.36
1627786938.0,80.90,62.42,62.16
1627786968.0,80.70,62.42,62.15
1627786998.0,80.70,62.42,62.15
1627787028.0,80.80,62.42,62.16
1627787058.0,80.80,62.42,62.16
1627787088.0,80.70,62.42,62.15
1627787118.0,80.70,62.42,62.15
1627787148.0,80.60,62.42,62.15
1627787178.0,80.50,62.42,62.15
1627787208.0,80.60,62.42,62.15
1627787238.0,80.70,62.42,62.15
1627787268.0,80.70,62.42,62.15
1627787298.0,80.90,62.42,62.16
1627787328.0,80.90,62.24,61.97
1627787358.0,80.80,62.24,61.96
1627787388.0,80.70,62.24,61.96
1627787418.0,80.70,62.24,61.96
1627787448.0,80.70,62.24,61.96
1627787478.0,80.50,62.24,61.95
1627787508.0,80.40,62.24,61.94
1627787538.0,80.40,62.24,61.94
1627787568.0,80.60,62.24,61.95
1627787598.0,80.70,62.24,61.96
1627787628.0,80.60,62.24,61.95
1627787657.0,80.70,62.06,61.76
1627787687.0,80.70,62.24,61.96
1627787717.0,80.70,62.06,61.76
1627787747.0,80.60,62.06,61.75
1627787777.0,80.50,62.06,61.75
1627787807.0,80.60,62.06,61.75
1627787837.0,80.60,62.06,61.75
1627787867.0,80.80,62.06,61.76
1627787897.0,80.80,62.06,61.76
1627787927.0,80.80,62.06,61.76
1627787957.0,80.90,62.06,61.77
1627787987.0,80.80,62.06,61.76
1627788017.0,80.80,61.88,61.57
1627788047.0,80.80,61.88,61.57
1627788077.0,80.90,61.88,61.57
1627788107.0,80.90,61.88,61.57
1627788137.0,81.00,61.88,61.57
1627788167.0,80.90,61.88,61.57
1627788197.0,80.90,61.88,61.57
1627788227.0,80.80,61.88,61.57
1627788257.0,80.80,61.88,61.57
1627788287.0,80.90,61.88,61.57
1627788317.0,81.00,61.88,61.57
1627788347.0,81.00,61.70,61.38
1627788377.0,81.00,61.70,61.38
1627788407.0,81.20,61.70,61.39
1627788437.0,81.20,61.70,61.39
1627788467.0,81.30,61.70,61.39
1627788497.0,81.40,61.70,61.40
1627788527.0,81.40,61.70,61.40
1627788556.0,81.50,61.70,61.40
1627788586.0,81.60,61.70,61.41
1627788616.0,81.60,61.70,61.41
1627788646.0,81.60,61.52,61.21
1627788676.0,81.60,61.52,61.21
1627788706.0,81.80,61.52,61.22
1627788736.0,81.80,61.52,61.22
1627788766.0,81.60,61.52,61.21
1627788796.0,81.50,61.52,61.20
1627788826.0,81.60,61.70,61.41
1627788856.0,81.70,61.70,61.41
1627788886.0,81.80,61.52,61.22
1627788916.0,82.00,61.70,61.42
1627788946.0,81.90,61.70,61.42
1627788976.0,81.80,61.52,61.22
1627789006.0,81.60,61.70,61.41
1627789036.0,81.60,61.52,61.21
1627789066.0,81.70,61.52,61.21
1627789096.0,81.80,61.52,61.22
1627789126.0,81.70,61.52,61.21
1627789156.0,81.60,61.52,61.21
1627789186.0,81.80,61.52,61.22
1627789216.0,82.00,61.52,61.23
1627789246.0,81.90,61.52,61.22
1627789276.0,82.10,61.34,61.03
1627789306.0,82.00,61.34,61.03
1627789336.0,81.80,61.34,61.02
1627789366.0,81.90,61.34,61.02
1627789396.0,81.90,61.34,61.02
1627789426.0,82.00,61.34,61.03
1627789456.0,82.20,61.34,61.04
1627789485.0,82.10,61.34,61.03
1627789515.0,82.20,61.34,61.04
1627789545.0,82.30,61.34,61.04
1627789575.0,82.30,61.16,60.84
1627789605.0,82.50,61.34,61.05
1627789635.0,82.40,61.34,61.05
1627789665.0,82.40,61.34,61.05
1627789695.0,82.40,61.34,61.05
1627789725.0,82.50,61.34,61.05
1627789755.0,82.50,61.34,61.05
1627789785.0,82.50,61.34,61.05
1627789815.0,82.70,61.34,61.06
1627789845.0,82.60,61.16,60.86
1627789875.0,82.80,61.34,61.07
1627789905.0,82.60,61.34,61.06
1627789935.0,82.70,61.16,60.86
1627789965.0,82.80,61.16,60.87
1627789995.0,82.50,61.16,60.85
1627790025.0,82.50,61.16,60.85
1627790055.0,82.60,61.16,60.86
1627790085.0,82.70,61.16,60.86
1627790115.0,82.70,61.16,60.86
1627790145.0,82.70,61.16,60.86
1627790175.0,82.60,61.16,60.86
1627790205.0,82.50,61.16,60.85
1627790235.0,82.50,61.16,60.85
1627790265.0,82.50,60.98,60.66
1627790295.0,82.30,60.98,60.65
1627790325.0,82.20,61.16,60.84
1627790355.0,82.10,61.16,60.83
1627790384.0,82.20,60.98,60.64
