1631059189,84.00,66.56,66.86
1631059249,83.90,66.56,66.86
1631059309,84.40,66.56,66.88
1631059369,84.20,66.56,66.87
1631059429,84.00,66.56,66.86
1631059489,84.10,66.56,66.87
1631059549,84.10,66.56,66.87
1631059609,84.20,66.56,66.87
1631059669,84.00,66.38,66.67
1631059729,84.10,66.38,66.67
1631059789,84.10,66.38,66.67
1631059849,84.10,66.38,66.67
1631059909,84.10,66.38,66.67
1631059969,84.30,66.38,66.68
1631060029,84.10,66.38,66.67
1631060090,84.20,66.38,66.68
1631060150,84.20,66.38,66.68
1631060210,84.20,66.38,66.68
1631060270,84.20,66.38,66.68
1631060330,84.00,66.38,66.67
1631060390,84.00,66.38,66.67
1631060450,84.00,66.38,66.67
1631060510,84.10,66.38,66.67
1631060570,84.30,66.20,66.48
1631060630,84.30,66.20,66.48
1631060690,84.40,66.20,66.49
1631060750,84.20,66.38,66.68
1631060810,84.20,66.38,66.68
1631060870,84.10,66.20,66.47
1631060930,84.20,66.20,66.48
1631060990,84.50,66.20,66.49
1631061050,84.00,66.20,66.47
1631061110,84.00,66.20,66.47
1631061170,84.20,66.20,66.48
1631061230,84.10,66.20,66.47
1631061290,84.50,66.02,66.29
1631061350,84.30,66.02,66.28
1631061410,84.40,66.02,66.29
1631061470,84.60,66.02,66.30
1631061530,84.50,66.02,66.29
1631061590,84.30,66.02,66.28
1631061650,84.50,66.02,66.29
1631061710,84.60,66.02,66.30
1631061770,84.40,66.02,66.29
1631061831,84.60,65.84,66.10
1631061891,84.70,65.84,66.10
1631061951,84.60,65.84,66.10
1631062011,84.70,65.84,66.10
1631062071,84.80,65.84,66.11
1631062131,84.70,65.84,66.10
1631062191,84.90,65.84,66.11
1631062251,85.00,65.84,66.12
1631062311,84.80,65.66,65.91
1631062371,85.10,65.66,65.93
1631062431,85.30,65.66,65.94
1631062491,85.00,65.66,65.92
1631062551,85.10,65.66,65.93
1631062611,84.90,65.48,65.72
1631062671,85.20,65.66,65.93
1631062731,85.00,65.66,65.92
1631062791,85.10,65.66,65.93
1631062851,84.90,65.48,65.72
1631062911,85.00,65.48,65.72
1631062971,84.90,65.48,65.72
1631063031,84.80,65.48,65.71
1631063091,84.90,65.48,65.72
1631063151,85.30,65.48,65.74
1631063211,85.00,65.48,65.72
1631063271,85.10,65.48,65.73
1631063331,84.90,65.48,65.72
1631063391,85.40,65.48,65.74
1631063451,85.00,65.48,65.72
1631063511,85.00,65.48,65.72
1631063572,84.90,65.48,65.72
1631063632,85.00,65.48,65.72
1631063692,85.10,65.48,65.73
1631063752,84.90,65.66,65.92
1631063812,85.10,65.48,65.73
1631063872,84.80,65.48,65.71
1631063932,85.10,65.48,65.73
1631063992,85.20,65.48,65.73
1631064052,85.30,65.48,65.74
1631064112,85.20,65.48,65.73
1631064172,85.10,65.48,65.73
1631064232,85.20,65.48,65.73
1631064292,85.10,65.48,65.73
1631064352,85.20,65.48,65.73
1631064412,85.30,65.48,65.74
1631064472,85.30,65.48,65.74
1631064532,85.30,65.48,65.74
1631064592,85.40,65.48,65.74
1631064652,85.50,65.48,65.75
1631064712,85.30,65.30,65.54
1631064772,85.20,65.30,65.53
1631064832,85.30,65.30,65.54
1631064892,85.40,65.30,65.54
1631064952,85.60,65.30,65.55
1631065012,85.30,65.30,65.54
1631065072,85.50,65.30,65.55
1631065132,85.30,65.30,65.54
1631065192,85.50,65.30,65.55
1631065253,85.40,65.30,65.54
1631065313,85.30,65.30,65.54
1631065373,85.50,65.30,65.55
1631065433,85.50,65.30,65.55
1631065493,85.60,65.30,65.55
1631065553,85.60,65.12,65.36
1631065613,85.50,65.12,65.35
1631065673,85.60,65.12,65.36
1631065733,85.50,65.12,65.35
1631065793,85.50,65.12,65.35
1631065853,85.70,65.12,65.36
1631065913,85.50,65.12,65.35
1631065973,85.60,65.12,65.36
1631066033,85.70,65.12,65.36
1631066093,85.50,65.12,65.35
1631066153,85.50,65.12,65.35
1631066213,85.60,65.12,65.36
1631066273,85.30,65.12,65.34
1631066333,85.50,65.12,65.35
1631066393,85.60,65.12,65.36
1631066453,85.50,65.12,65.35
1631066513,85.70,65.12,65.36
1631066573,85.60,65.12,65.36
1631066633,85.60,65.12,65.36
1631066693,85.70,65.12,65.36
1631066753,85.60,64.94,65.16
1631066813,85.70,64.94,65.16
1631066873,85.80,64.94,65.17
1631066933,85.70,64.94,65.16
1631066994,85.80,64.94,65.17
1631067054,85.70,64.94,65.16
1631067114,85.90,64.94,65.17
1631067174,85.70,64.94,65.16
1631067234,85.70,64.94,65.16
1631067294,85.90,64.76,64.97
1631067354,85.80,64.76,64.97
1631067414,86.00,64.76,64.98
1631067474,85.90,64.76,64.97
1631067534,85.80,64.76,64.97
1631067594,85.90,64.76,64.97
1631067654,85.80,64.76,64.97
1631067714,86.00,64.76,64.98
1631067774,85.90,64.76,64.97
1631067834,85.80,64.76,64.97
1631067894,85.80,64.76,64.97
1631067954,85.80,64.76,64.97
1631068014,85.90,64.76,64.97
1631068074,85.70,64.76,64.96
1631068134,85.90,64.58,64.78
1631068194,85.70,64.58,64.77
1631068254,85.80,64.58,64.77
1631068314,85.80,64.58,64.77
1631068374,85.80,64.76,64.97
1631068434,85.90,64.58,64.78
1631068494,85.80,64.76,64.97
1631068554,85.80,64.58,64.77
1631068614,85.80,64.58,64.77
1631068674,85.80,64.58,64.77
1631068735,85.60,64.58,64.76
1631068795,85.80,64.58,64.77
1631068855,85.70,64.58,64.77
1631068915,85.70,64.58,64.77
1631068975,85.70,64.58,64.77
1631069035,85.90,64.58,64.78
1631069095,85.60,64.58,64.76
1631069155,85.70,64.58,64.77
1631069215,85.70,64.58,64.77
1631069275,85.80,64.58,64.77
1631069335,85.70,64.58,64.77
1631069395,85.90,64.58,64.78
1631069455,85.90,64.58,64.78
1631069515,85.90,64.40,64.58
1631069575,86.20,64.40,64.59
1631069635,85.90,64.40,64.58
1631069695,86.00,64.40,64.58
1631069755,86.10,64.40,64.59
1631069815,86.20,64.40,64.59
1631069875,86.00,64.40,64.58
1631069935,86.10,64.40,64.59
1631069995,86.20,64.22,64.39
1631070055,86.30,64.40,64.60
1631070115,86.30,64.40,64.60
1631070175,86.10,64.22,64.39
1631070235,86.10,64.40,64.59
1631070295,86.10,64.40,64.59
1631070355,86.10,64.22,64.39
1631070416,86.30,64.22,64.40
1631070476,86.10,64.22,64.39
1631070536,86.10,64.22,64.39
1631070596,86.10,64.22,64.39
1631070656,86.10,64.22,64.39
1631070716,85.90,64.22,64.38
1631070776,86.20,64.22,64.39
1631070836,86.30,64.22,64.40
1631070896,86.20,64.22,64.39
1631070956,86.10,64.22,64.39
1631071016,86.20,64.22,64.39
1631071076,86.10,64.22,64.39
1631071136,86.70,64.22,64.42
1631071196,86.20,64.22,64.39
1631071256,86.50,64.22,64.41
1631071316,86.30,64.22,64.40
1631071376,86.70,64.22,64.42
1631071436,86.20,64.22,64.39
1631071496,86.40,64.22,64.40
1631071556,86.80,64.22,64.42
1631071616,86.40,64.22,64.40
1631071676,86.40,64.22,64.40
1631071736,86.30,64.22,64.40
1631071796,86.50,64.04,64.21
1631071856,86.50,64.04,64.21
1631071916,86.50,64.04,64.21
1631071976,86.40,64.04,64.20
1631072036,86.50,64.04,64.21
1631072096,86.40,64.04,64.20
1631072157,86.50,64.04,64.21
1631072217,86.60,64.04,64.21
1631072277,86.80,64.04,64.22
1631072337,86.60,64.04,64.21
1631072397,86.50,64.04,64.21
1631072457,86.50,64.04,64.21
1631072517,86.50,64.04,64.21
1631072577,86.50,64.04,64.21
1631072637,86.60,63.86,64.02
1631072697,86.50,63.86,64.01
1631072757,86.50,63.86,64.01
1631072817,86.80,63.86,64.03
1631072877,86.40,63.86,64.01
1631072937,86.70,63.68,63.82
1631072997,86.70,63.86,64.02
1631073057,86.70,63.86,64.02
1631073117,86.70,63.86,64.02
1631073177,86.50,63.86,64.01
1631073237,86.60,63.86,64.02
1631073297,86.40,63.86,64.01
1631073357,86.50,63.68,63.81
1631073417,86.80,63.86,64.03
1631073477,86.50,63.86,64.01
1631073537,86.50,63.68,63.81
1631073597,86.70,63.68,63.82
1631073657,86.90,63.68,63.83
1631073717,86.90,63.68,63.83
1631073777,87.10,63.68,63.84
1631073837,86.80,63.68,63.83
1631073898,86.80,63.68,63.83
1631073958,86.70,63.68,63.82
1631074018,86.90,63.68,63.83
1631074078,86.80,63.68,63.83
1631074138,86.80,63.68,63.83
1631074198,86.80,63.68,63.83
1631074258,86.80,63.68,63.83
1631074318,86.90,63.68,63.83
1631074378,86.90,63.68,63.83
1631074438,87.00,63.68,63.84
1631074498,87.00,63.68,63.84
1631074558,87.10,63.68,63.84
1631074618,87.20,63.68,63.85
1631074678,87.40,63.68,63.86
1631074738,87.00,63.68,63.84
1631074798,87.50,63.68,63.86
1631074858,87.20,63.68,63.85
1631074918,87.40,63.68,63.86
1631074978,87.20,63.86,64.04
1631075038,87.40,63.86,64.05
1631075098,87.50,63.68,63.86
1631075158,87.40,63.68,63.86
1631075218,87.40,63.68,63.86
1631075278,87.50,63.68,63.86
1631075338,87.50,63.68,63.86
1631075398,87.60,63.68,63.87
1631075458,87.60,63.68,63.87
1631075518,87.70,63.86,64.07
1631075579,88.00,63.86,64.08
1631075639,87.80,63.68,63.87
1631075699,87.70,63.86,64.07
1631075759,87.80,63.86,64.07
1631075819,87.90,63.86,64.08
1631075879,87.80,63.86,64.07
1631075939,87.70,63.86,64.07
1631075999,87.70,63.86,64.07
1631076059,87.70,63.86,64.07
1631076119,87.70,63.68,63.87
1631076179,87.80,63.86,64.07
1631076239,87.70,63.86,64.07
1631076299,87.80,63.68,63.87
1631076359,87.90,63.68,63.88
1631076419,87.80,63.68,63.87
1631076479,87.90,63.68,63.88
1631076539,87.70,63.68,63.87
1631076599,87.90,63.68,63.88
1631076659,87.70,63.68,63.87
1631076719,87.60,63.68,63.87
1631076779,87.90,63.68,63.88
1631076839,87.80,63.68,63.87
1631076899,87.90,63.68,63.88
1631076959,87.80,63.68,63.87
1631077019,87.90,63.68,63.88
1631077079,88.00,63.68,63.88
1631077139,87.90,63.68,63.88
1631077199,88.00,63.68,63.88
1631077259,87.90,63.68,63.88
1631077320,87.70,63.68,63.87
1631077380,88.00,63.68,63.88
1631077440,87.90,63.68,63.88
1631077500,87.90,63.68,63.88
1631077560,87.80,63.68,63.87
1631077620,88.00,63.68,63.88
1631077680,87.90,63.68,63.88
1631077740,88.00,63.68,63.88
1631077800,88.00,63.68,63.88
1631077860,88.10,63.68,63.89
1631077920,88.30,63.68,63.90
1631077980,88.10,63.68,63.89
1631078040,87.90,63.68,63.88
1631078100,88.00,63.68,63.88
1631078160,88.10,63.50,63.69
1631078220,88.00,63.50,63.69
1631078280,88.30,63.50,63.70
1631078340,88.30,63.50,63.70
1631078400,88.10,63.50,63.69
1631078460,88.10,63.50,63.69
1631078520,88.20,63.50,63.70
1631078580,88.00,63.68,63.88
1631078640,88.30,63.50,63.70
1631078700,88.50,63.50,63.71
1631078760,88.20,63.50,63.70
1631078820,88.10,63.50,63.69
1631078880,88.20,63.50,63.70
1631078940,88.20,63.50,63.70
1631079001,88.10,63.50,63.69
1631079061,88.10,63.50,63.69
1631079121,88.30,63.50,63.70
1631079181,88.10,63.50,63.69
1631079241,88.10,63.50,63.69
1631079301,88.10,63.50,63.69
1631079361,88.20,63.50,63.70
1631079421,88.30,63.50,63.70
1631079481,88.10,63.50,63.69
1631079541,88.20,63.50,63.70
1631079601,88.40,63.50,63.70
1631079661,88.20,63.50,63.70
1631079721,88.20,63.50,63.70
1631079781,88.30,63.50,63.70
1631079841,88.20,63.50,63.70
1631079901,88.40,63.50,63.70
1631079961,88.10,63.50,63.69
1631080021,88.20,63.32,63.50
1631080081,88.30,63.50,63.70
1631080141,88.30,63.32,63.50
1631080201,88.40,63.32,63.51
1631080261,88.40,63.32,63.51
1631080321,88.40,63.32,63.51
1631080381,88.50,63.32,63.51
1631080441,88.60,63.32,63.52
1631080501,88.70,63.32,63.52
1631080561,88.70,63.32,63.52
1631080621,88.40,63.32,63.51
1631080681,88.70,63.32,63.52
1631080742,88.80,63.32,63.53
1631080802,88.50,63.32,63.51
1631080862,88.50,63.32,63.51
1631080922,88.60,63.32,63.52
1631080982,88.70,63.32,63.52
1631081042,88.40,63.32,63.51
1631081102,88.70,63.32,63.52
1631081162,88.70,63.32,63.52
1631081222,88.30,63.32,63.50
1631081282,88.60,63.32,63.52
1631081342,88.70,63.32,63.52
1631081402,88.70,63.32,63.52
1631081462,88.60,63.32,63.52
1631081522,88.90,63.32,63.53
1631081582,88.80,63.32,63.53
1631081642,89.20,63.32,63.54
1631081702,88.70,63.32,63.52
1631081762,88.80,63.32,63.53
1631081822,88.70,63.32,63.52
1631081882,88.80,63.32,63.53
1631081942,88.90,63.32,63.53
1631082002,89.00,63.32,63.53
1631082062,88.70,63.32,63.52
1631082122,88.80,63.32,63.53
1631082182,88.90,63.32,63.53
1631082242,88.60,63.32,63.52
1631082302,89.00,63.32,63.53
1631082362,89.00,63.32,63.53
1631082422,89.00,63.32,63.53
1631082483,89.10,63.50,63.74
1631082543,89.00,63.50,63.73
1631082603,89.00,63.50,63.73
1631082663,89.00,63.50,63.73
1631082723,89.30,63.50,63.75
1631082783,89.10,63.50,63.74
1631082843,89.20,63.50,63.74
1631082903,89.20,63.50,63.74
1631082963,89.20,63.50,63.74
1631083023,89.20,63.50,63.74
1631083083,89.30,63.68,63.95
1631083143,89.30,63.68,63.95
1631083203,89.20,63.68,63.94
1631083263,89.20,63.68,63.94
1631083323,89.20,63.68,63.94
1631083383,89.40,63.68,63.95
1631083443,89.50,63.68,63.95
1631083503,89.50,63.68,63.95
1631083563,89.20,63.68,63.94
1631083623,89.10,63.68,63.94
1631083683,89.30,63.68,63.95
1631083743,89.30,63.68,63.95
1631083803,89.60,63.68,63.96
1631083863,89.50,63.68,63.95
1631083923,89.20,63.68,63.94
1631083983,89.40,63.68,63.95
1631084043,89.60,63.68,63.96
1631084103,89.50,63.68,63.95
1631084164,89.50,63.68,63.95
1631084224,89.30,63.68,63.95
1631084284,89.60,63.68,63.96
1631084344,89.80,63.68,63.97
1631084404,89.60,63.68,63.96
1631084464,89.70,63.68,63.96
1631084524,89.90,63.86,64.17
1631084584,89.80,63.86,64.17
1631084644,89.80,63.86,64.17
1631084704,89.60,63.86,64.16
1631084764,89.80,63.86,64.17
1631084824,89.70,63.86,64.16
1631084884,89.80,64.04,64.36
1631084944,90.00,64.04,64.37
1631085004,89.80,64.04,64.36
1631085064,89.90,64.04,64.37
1631085124,90.00,64.04,64.37
1631085184,89.70,64.04,64.36
1631085244,89.70,64.22,64.56
1631085304,89.70,64.22,64.56
1631085364,89.80,64.22,64.56
1631085424,90.10,64.22,64.58
1631085484,90.10,64.22,64.58
1631085544,89.90,64.22,64.57
1631085604,90.00,64.22,64.57
1631085664,89.90,64.22,64.57
1631085724,90.00,64.40,64.77
1631085784,89.90,64.40,64.77
1631085844,90.10,64.40,64.77
1631085905,90.20,64.40,64.78
1631085965,90.40,64.40,64.79
1631086025,90.60,64.58,65.00
1631086085,90.10,64.58,64.97
1631086145,90.50,64.58,64.99
1631086205,90.20,64.58,64.98
1631086265,90.20,64.58,64.98
1631086325,90.30,64.58,64.98
1631086385,90.30,64.58,64.98
1631086445,90.10,64.58,64.97
1631086505,90.70,64.76,65.20
1631086565,90.50,64.76,65.19
1631086625,90.50,64.76,65.19
1631086685,90.50,64.76,65.19
1631086745,90.40,64.76,65.18
1631086805,90.60,64.76,65.19
1631086865,90.50,64.94,65.39
1631086925,90.70,64.94,65.40
1631086985,90.30,65.12,65.58
1631087045,90.20,65.12,65.57
1631087105,90.70,65.12,65.59
1631087165,90.10,65.12,65.57
1631087225,90.40,65.30,65.78
1631087285,89.80,65.30,65.75
1631087345,89.50,65.30,65.74
1631087405,89.70,65.30,65.75
1631087465,89.50,65.48,65.93
1631087525,89.20,65.48,65.92
1631087585,89.30,65.48,65.93
1631087646,89.40,65.66,66.13
1631087706,89.40,65.66,66.13
1631087766,89.90,65.66,66.15
1631087826,89.50,65.84,66.33
1631087886,89.80,65.84,66.34
1631087946,89.50,65.84,66.33
1631088006,89.70,65.84,66.34
1631088066,89.70,65.84,66.34
1631088126,89.80,66.02,66.54
1631088186,89.40,66.20,66.72
1631088246,89.40,66.38,66.92
1631088306,89.30,66.38,66.92
1631088366,89.30,66.56,67.11
1631088426,89.40,66.56,67.12
1631088486,89.40,66.56,67.12
1631088546,89.30,66.74,67.31
1631088606,89.50,66.92,67.52
1631088666,89.40,66.92,67.51
1631088726,89.20,66.92,67.50
1631088786,89.50,67.10,67.72
1631088846,89.60,67.10,67.72
1631088906,89.60,67.10,67.72
1631088966,89.60,67.28,67.92
1631089026,89.30,67.28,67.91
1631089086,89.40,67.46,68.11
1631089146,89.50,67.46,68.11
1631089206,89.30,67.46,68.10
1631089266,89.50,67.64,68.31
1631089327,89.50,67.64,68.31
1631089387,89.60,67.64,68.32
1631089447,89.50,67.82,68.51
1631089507,89.70,67.82,68.52
1631089567,89.90,67.82,68.53
1631089627,89.70,68.00,68.72
1631089687,89.80,68.00,68.72
1631089747,89.80,68.18,68.92
1631089807,89.60,68.18,68.91
1631089867,89.80,68.18,68.92
1631089927,89.80,68.18,68.92
1631089987,90.00,68.36,69.13
1631090047,90.10,68.36,69.13
1631090107,90.20,68.36,69.14
1631090167,90.50,68.54,69.35
1631090227,90.00,68.54,69.32
1631090287,90.10,68.54,69.33
1631090347,90.00,68.72,69.52
1631090407,90.10,68.72,69.53
1631090467,90.20,68.90,69.73
1631090527,90.00,68.90,69.72
1631090587,90.20,68.90,69.73
1631090647,90.10,69.08,69.92
1631090707,90.10,69.08,69.92
1631090767,90.10,69.08,69.92
1631090827,90.40,69.26,70.13
1631090887,90.10,69.26,70.12
1631090947,89.90,69.26,70.11
1631091007,90.00,69.44,70.31
1631091068,90.20,69.44,70.32
1631091128,89.90,69.62,70.51
1631091188,90.20,69.62,70.52
1631091248,90.20,69.62,70.52
1631091308,90.20,69.62,70.52
1631091368,90.10,69.80,70.71
1631091428,90.20,69.80,70.72
1631091488,90.30,69.80,70.72
1631091548,90.30,69.80,70.72
1631091608,90.40,69.98,70.93
1631091668,90.20,69.98,70.92
1631091728,90.50,69.98,70.93
1631091788,90.60,70.16,71.13
1631091848,90.20,70.16,71.12
1631091908,90.30,70.16,71.12
1631091968,90.10,70.16,71.11
1631092028,90.20,70.34,71.31
1631092088,90.30,70.34,71.32
1631092148,90.10,70.34,71.31
1631092208,90.00,70.34,71.30
1631092268,90.10,70.52,71.51
1631092328,90.20,70.52,71.51
1631092388,90.00,70.52,71.50
1631092448,90.10,70.52,71.51
1631092508,90.10,70.70,71.70
1631092568,90.10,70.70,71.70
1631092628,89.70,70.70,71.69
1631092688,90.10,70.88,71.90
1631092748,89.90,70.88,71.89
1631092809,89.90,70.88,71.89
1631092869,89.90,71.06,72.09
1631092929,89.70,71.06,72.08
1631092989,89.80,71.06,72.09
1631093049,90.20,71.24,72.30
1631093109,90.00,71.24,72.29
1631093169,89.90,71.42,72.49
1631093229,90.10,71.42,72.50
1631093289,90.20,71.42,72.50
1631093349,90.00,71.60,72.69
1631093409,89.80,71.60,72.68
1631093469,89.80,71.60,72.68
1631093529,89.80,71.78,72.88
1631093589,89.70,71.78,72.87
1631093649,90.00,71.96,73.09
1631093709,90.00,71.96,73.09
1631093769,89.70,71.96,73.07
1631093829,89.90,72.14,73.28
1631093889,89.70,72.14,73.27
1631093949,89.70,72.32,73.47
1631094009,89.60,72.50,73.66
1631094069,89.80,72.50,73.67
1631094129,90.20,72.50,73.69
1631094189,90.10,72.68,73.88
1631094249,89.40,72.68,73.85
1631094309,89.30,72.86,74.04
1631094369,89.30,73.04,74.24
1631094429,89.00,73.04,74.23
1631094489,88.40,73.22,74.40
1631094549,88.60,73.22,74.41
1631094610,88.40,73.40,74.59
1631094670,88.60,73.40,74.60
1631094730,88.90,73.58,74.82
1631094790,88.40,73.76,74.99
1631094850,88.40,73.76,74.99
1631094910,88.20,73.94,75.18
1631094970,88.00,73.94,75.17
1631095030,88.20,74.12,75.38
1631095090,88.10,74.30,75.57
1631095150,88.60,74.30,75.59
1631095210,88.90,74.84,76.20
1631095270,87.70,75.20,76.54
1631095330,86.60,75.56,76.89
1631095390,85.80,75.74,77.05
1631095450,85.10,75.92,77.21
1631095510,84.70,76.10,77.39
1631095570,84.80,76.28,77.59
1631095630,85.10,76.28,77.61
1631095690,84.50,76.46,77.78
1631095750,83.90,76.64,77.95
1631095810,83.70,76.64,77.94
1631095870,83.70,76.82,78.14
1631095930,83.70,76.82,78.14
1631095990,83.60,76.82,78.13
1631096050,83.50,76.82,78.13
1631096110,83.10,77.00,78.31
1631096170,83.00,77.00,78.30
1631096230,82.90,77.00,78.30
1631096290,83.00,77.00,78.30
1631096351,83.60,77.00,78.33
1631096411,83.80,76.82,78.14
1631096471,83.80,76.82,78.14
1631096531,84.10,76.82,78.15
1631096591,84.30,76.82,78.16
1631096651,83.40,77.00,78.32
1631096711,82.30,77.18,78.47
1631096771,81.80,77.36,78.64
1631096831,82.10,77.54,78.85
1631096891,82.20,77.36,78.66
1631096951,82.80,77.36,78.69
1631097011,82.90,77.36,78.69
1631097071,83.20,77.36,78.71
1631097131,83.30,77.18,78.51
1631097191,83.30,77.18,78.51
1631097251,83.40,77.18,78.52
1631097311,83.60,77.18,78.53
1631097371,83.40,77.36,78.72
1631097431,83.40,77.36,78.72
1631097491,83.40,77.36,78.72
1631097551,83.20,77.54,78.90
1631097611,82.90,77.54,78.89
1631097671,83.20,77.54,78.90
1631097731,83.10,77.72,79.82
1631097791,83.10,77.72,79.82
1631097851,83.00,77.72,79.82
1631097911,82.60,77.90,80.16
1631097971,83.10,77.90,80.17
1631098031,83.10,78.08,80.53
1631098092,82.80,78.08,80.52
1631098152,82.60,78.08,80.51
1631098212,82.60,78.08,80.51
1631098272,82.60,78.26,80.87
1631098332,81.80,78.26,80.84
1631098392,82.00,78.44,81.20
1631098452,82.20,78.44,81.21
1631098512,82.30,78.62,81.58
1631098572,82.00,78.62,81.56
1631098632,82.20,78.62,81.58
1631098692,82.20,78.80,81.94
1631098752,82.00,78.80,81.93
1631098812,81.30,78.80,81.88
1631098872,81.30,78.98,82.25
1631098932,82.10,79.16,82.69
1631098992,80.70,79.52,83.30
1631099052,80.00,79.88,83.98
1631099112,79.50,80.06,84.29
1631099172,78.90,80.24,84.58
1631099232,78.60,80.24,84.54
1631099292,78.20,80.42,84.85
1631099352,78.20,80.60,85.23
1631099412,77.70,80.60,85.15
1631099472,78.30,80.60,85.25
1631099532,78.70,80.60,85.31
1631099592,78.90,80.60,85.35
1631099652,78.80,80.78,85.72
1631099712,79.20,80.78,85.79
1631099772,79.40,80.96,86.23
1631099833,79.60,80.96,86.26
1631099893,79.40,80.96,86.23
1631099953,79.70,81.14,86.69
1631100013,80.00,81.14,86.75
1631100073,80.40,81.32,87.25
1631100133,78.90,81.86,88.18
1631100193,77.80,82.22,88.75
1631100253,77.20,82.40,89.02
1631100313,76.80,82.40,88.91
1631100373,76.10,82.40,88.73
1631100433,76.00,82.40,88.70
1631100493,76.50,82.40,88.83
1631100553,77.50,82.40,89.10
1631100613,77.50,82.40,89.10
1631100673,76.90,82.58,89.36
1631100733,77.50,82.58,89.52
1631100793,76.60,82.76,89.69
1631100853,75.50,82.76,89.38
1631100913,75.20,82.94,89.71
1631100973,75.90,83.12,90.34
1631101033,75.00,83.30,90.49
1631101093,75.00,83.30,90.49
1631101153,74.30,83.66,91.11
1631101213,74.70,83.66,91.24
1631101273,73.90,83.84,91.40
1631101333,73.30,84.02,91.62
1631101393,73.50,84.20,92.11
1631101453,72.60,84.20,91.80
1631101513,72.60,84.38,92.22
1631101574,72.80,84.38,92.29
1631101634,73.00,84.56,92.79
1631101694,72.60,84.74,93.08
1631101754,72.00,84.92,93.28
1631101814,71.80,85.10,93.63
1631101874,71.90,85.28,94.11
1631101934,71.70,85.46,94.47
1631101994,71.70,85.64,94.92
1631102054,70.30,85.82,94.76
1631102114,69.40,86.00,94.81
1631102174,70.00,86.18,95.51
1631102234,70.00,86.36,95.95
1631102294,69.50,86.54,96.17
1631102354,69.70,86.72,96.72
1631102414,69.30,86.90,96.98
1631102474,69.10,87.26,97.79
1631102534,69.20,87.62,98.77
1631102594,68.30,87.98,99.24
1631102654,67.90,88.34,99.96
1631102714,67.10,88.52,99.99
1631102774,68.00,88.52,100.49
1631102834,67.40,88.70,100.63
1631102894,66.80,88.88,100.76
1631102954,66.10,88.88,100.36
1631103014,66.20,89.06,100.89
1631103074,66.30,89.24,101.42
1631103134,64.90,89.42,101.07
1631103194,65.20,89.42,101.24
1631103255,65.70,89.60,102.02
1631103315,65.70,89.96,102.99
1631103375,65.30,90.14,103.22
1631103435,65.80,90.50,104.54
1631103495,64.50,90.50,103.68
1631103555,65.30,90.86,105.21
1631103615,65.50,91.04,105.85
1631103675,65.30,91.22,106.22
1631103735,63.90,91.22,105.25
1631103795,63.50,91.22,104.98
1631103855,63.60,91.40,105.54
1631103915,63.80,91.76,106.69
1631103975,63.80,91.58,106.18
1631104035,63.50,91.76,106.48
1631104095,62.80,91.76,105.98
1631104155,63.60,91.94,107.06
1631104215,63.40,92.12,107.42
1631104275,63.00,92.30,107.64
1631104335,62.00,92.48,107.41
1631104395,60.90,92.66,107.10
1631104455,60.90,92.66,107.10
1631104515,61.40,92.66,107.47
1631104575,61.70,92.84,108.20
1631104635,61.20,92.84,107.82
1631104695,61.70,92.84,108.20
1631104755,61.30,92.66,107.39
1631104815,62.30,92.66,108.14
1631104875,61.90,92.84,108.35
1631104935,59.20,92.48,105.39
1631104996,58.40,92.48,104.84
1631105056,58.40,92.48,104.84
1631105116,59.00,92.66,105.73
1631105176,59.30,92.84,106.42
1631105236,58.40,93.02,106.25
1631105296,58.00,93.20,106.44
1631105356,58.00,93.38,106.92
1631105416,58.70,93.74,108.42
1631105476,58.30,93.92,108.60
1631105536,57.80,94.28,109.20
1631105596,58.10,94.46,109.94
1631105656,56.60,94.64,109.24
1631105716,55.90,95.00,109.66
1631105776,56.70,94.82,109.81
1631105836,55.70,94.82,109.02
1631105896,56.60,94.82,109.73
1631105956,56.90,94.82,109.97
1631106016,56.30,94.82,109.49
1631106076,56.00,95.00,109.74
1631106136,56.00,95.18,110.24
1631106196,54.90,95.36,109.83
1631106256,54.70,95.36,109.67
1631106316,55.10,95.36,109.99
1631106376,54.20,95.54,109.75
1631106436,54.90,95.54,110.32
1631106496,55.20,95.72,111.06
1631106556,54.60,95.72,110.56
1631106616,54.60,95.54,110.08
1631106676,53.80,95.54,109.43
1631106737,55.40,95.36,110.24
1631106797,54.10,95.36,109.19
1631106857,53.90,95.54,109.51
1631106917,53.50,95.00,107.78
1631106977,53.50,94.46,106.41
1631107037,54.10,94.28,106.39
1631107097,53.30,93.92,104.93
1631107157,54.70,93.38,104.57
1631107217,55.00,93.02,103.89
1631107277,55.30,92.84,103.65
1631107337,55.60,93.02,104.29
1631107397,55.50,93.02,104.22
1631107457,55.70,93.02,104.36
1631107517,55.40,93.38,105.05
1631107577,54.70,93.74,105.46
1631107637,54.90,93.74,105.61
1631107697,55.30,93.74,105.89
1631107757,55.10,93.92,106.21
1631107817,55.00,94.10,106.59
1631107877,55.30,94.46,107.75
1631107937,54.60,95.00,108.63
1631107997,54.00,94.82,107.70
1631108057,54.60,95.00,108.63
1631108117,53.90,95.36,109.03
1631108177,54.40,95.54,109.91
1631108237,54.00,95.54,109.59
1631108297,52.30,95.72,108.71
1631108357,52.20,95.90,109.10
1631108417,50.20,95.36,106.22
1631108478,51.50,95.36,107.18
1631108538,52.10,95.54,108.09
1631108598,52.20,95.72,108.63
1631108658,52.00,96.08,109.40
1631108718,52.50,96.26,110.28
1631108778,52.50,96.62,111.24
1631108838,51.10,96.80,110.55
1631108898,50.20,96.44,108.89
1631108958,50.10,96.44,108.81
1631109018,51.30,96.44,109.77
1631109078,50.90,96.80,110.38
1631109138,50.20,96.98,110.27
1631109198,49.20,96.98,109.46
1631109258,49.30,97.16,109.99
1631109318,48.80,97.52,110.50
1631109378,49.70,97.16,110.32
1631109438,50.70,96.98,110.69
1631109498,51.30,96.62,110.24
1631109558,51.20,96.98,111.10
1631109618,51.50,96.26,109.47
1631109678,51.40,95.36,107.11
1631109738,50.30,95.36,106.29
1631109798,51.30,95.72,107.93
1631109858,52.20,95.36,107.71
1631109918,52.60,95.90,109.42
1631109978,52.50,95.72,108.87
1631110038,52.90,96.08,110.13
1631110098,51.10,96.62,110.08
1631110159,50.60,96.62,109.67
1631110219,49.70,96.26,108.05
1631110279,50.00,96.26,108.28
1631110339,50.30,96.26,108.52
1631110399,51.40,96.44,109.86
1631110459,51.60,96.80,110.96
1631110519,51.30,97.16,111.67
1631110579,50.90,96.98,110.85
1631110639,51.50,97.16,111.84
1631110699,51.20,97.52,112.55
1631110759,50.00,97.52,111.51
1631110819,51.10,97.52,112.46
1631110879,51.20,97.52,112.55
1631110939,50.90,97.34,111.80
1631110999,50.90,97.52,112.28
1631111059,51.00,97.52,112.37
1631111119,49.70,97.52,111.25
1631111179,50.30,97.70,112.24
1631111239,50.30,97.52,111.76
1631111299,49.70,97.34,110.79
1631111359,49.20,97.16,109.91
1631111419,50.30,96.98,110.35
1631111479,50.20,96.98,110.27
1631111539,50.50,97.16,110.99
1631111599,50.20,97.52,111.68
1631111659,50.30,97.70,112.24
1631111719,49.90,97.70,111.90
1631111779,50.20,97.88,112.63
1631111839,49.40,97.70,111.47
1631111900,49.60,97.34,110.70
1631111960,50.00,96.80,109.65
1631112020,50.50,96.98,110.52
1631112080,51.30,97.16,111.67
1631112140,51.70,96.98,111.53
1631112200,51.20,96.44,109.69
1631112260,51.30,96.44,109.77
1631112320,51.60,96.62,110.49
1631112380,50.90,97.16,111.33
1631112440,49.00,97.16,109.75
1631112500,50.50,96.98,110.52
1631112560,50.10,97.34,111.12
1631112620,50.10,96.98,110.19
1631112680,50.00,96.62,109.19
1631112740,51.00,96.62,110.00
1631112800,51.50,96.98,111.36
1631112860,51.30,97.34,112.15
1631112920,50.90,97.88,113.25
1631112980,51.10,98.60,115.42
1631113040,50.20,99.32,116.58
1631113100,49.60,99.86,117.52
1631113160,48.60,100.40,118.04
1631113220,48.30,100.58,118.24
1631113280,48.80,99.68,116.23
1631113340,49.00,98.60,113.49
1631113400,48.60,97.88,111.25
1631113460,49.50,97.52,111.08
1631113520,49.10,97.34,110.29
1631113580,48.00,98.06,111.20
1631113641,49.00,97.70,111.13
1631113701,48.70,97.52,110.41
1631113761,48.30,98.24,111.92
1631113821,48.60,98.24,112.18
1631113881,49.60,98.06,112.59
1631113941,48.90,98.60,113.40
1631114001,48.70,98.96,114.18
1631114061,48.20,99.32,114.68
1631114121,47.90,99.50,114.88
1631114181,47.70,99.68,115.18
1631114241,47.80,100.04,116.25
1631114301,48.10,100.58,118.04
1631114361,47.90,101.12,119.36
1631114421,47.50,101.84,120.99
1631114481,47.30,102.56,122.86
1631114541,47.10,102.92,123.69
1631114601,46.60,103.28,124.18
1631114661,46.60,103.64,125.25
1631114721,47.30,103.64,126.08
1631114781,46.90,103.82,126.14
1631114841,47.10,103.10,124.22
1631114901,47.00,103.10,124.11
1631114961,46.90,103.10,123.99
1631115021,47.20,102.92,123.81
1631115081,47.10,102.74,123.16
1631115141,47.90,102.56,123.54
1631115201,48.20,102.38,123.34
1631115261,47.60,102.38,122.67
1631115322,47.60,102.20,122.14
1631115382,47.50,101.48,119.96
1631115442,47.00,101.30,118.93
1631115502,46.80,101.48,119.22
1631115562,46.80,101.48,119.22
1631115622,47.60,101.66,120.58
1631115682,47.30,101.66,120.26
1631115742,47.40,102.02,121.40
1631115802,47.10,102.20,121.59
1631115862,47.20,102.20,121.70
1631115922,47.20,101.84,120.67
1631115982,47.30,101.30,119.24
1631116042,47.90,100.76,118.34
1631116102,48.40,100.58,118.34
1631116162,47.30,100.22,116.26
1631116222,47.20,100.22,116.16
1631116282,48.00,100.40,117.44
1631116342,47.70,100.76,118.14
1631116402,48.10,100.94,119.05
1631116462,47.90,101.48,120.38
1631116522,47.30,101.84,120.77
1631116582,47.40,102.38,122.44
1631116642,46.80,102.56,122.30
1631116702,46.60,102.56,122.08
1631116762,47.10,102.56,122.64
1631116822,46.50,102.02,120.43
1631116882,47.10,100.40,116.55
1631116942,48.20,99.86,116.15
1631117003,48.50,99.14,114.48
1631117063,49.30,98.24,112.80
1631117123,49.60,97.70,111.64
1631117183,49.50,97.52,111.08
1631117243,50.10,97.88,112.55
1631117303,49.90,98.06,112.85
1631117363,50.00,97.88,112.46
1631117423,50.90,97.34,111.80
1631117483,51.60,96.44,110.02
1631117543,52.40,95.72,108.79
1631117603,52.90,94.82,106.87
1631117663,53.80,94.10,105.72
1631117723,54.20,93.56,104.67
1631117783,54.80,93.20,104.19
1631117843,55.20,92.66,103.14
1631117903,56.00,92.12,102.35
1631117963,56.50,91.76,101.80
1631118023,56.60,91.22,100.59
1631118083,56.60,90.86,99.75
1631118143,57.00,90.68,99.57
1631118203,57.50,90.32,99.02
1631118263,57.70,90.14,98.72
1631118323,58.20,89.96,98.59
1631118383,58.60,89.60,97.98
1631118443,59.10,89.42,97.84
1631118503,59.60,89.06,97.28
1631118563,59.90,88.70,96.63
1631118623,59.90,88.70,96.63
1631118683,59.90,88.52,96.23
1631118744,60.20,88.16,95.59
1631118804,60.10,87.80,94.77
1631118864,60.50,87.62,94.56
1631118924,61.00,87.62,94.79
1631118984,61.60,87.62,95.06
1631119044,61.20,87.44,94.49
1631119104,61.60,87.26,94.28
1631119164,61.90,87.26,94.41
1631119224,62.30,87.08,94.20
1631119284,62.40,87.08,94.24
1631119344,62.30,87.26,94.59
1631119404,62.30,87.26,94.59
1631119464,62.40,87.26,94.63
1631119524,62.40,87.44,95.02
1631119584,62.30,87.62,95.38
1631119644,62.20,87.62,95.33
1631119704,62.60,87.62,95.52
1631119764,62.60,87.62,95.52
1631119824,62.90,87.62,95.65
1631119884,63.00,87.44,95.30
1631119944,63.20,87.26,94.99
1631120004,63.10,87.26,94.94
1631120064,62.80,87.26,94.81
1631120124,63.10,87.08,94.54
1631120184,62.80,86.90,94.02
1631120244,63.00,86.54,93.34
1631120304,63.30,86.54,93.46
1631120364,63.60,86.36,93.20
1631120424,63.70,86.18,92.86
1631120484,64.20,86.00,92.67
1631120545,64.90,86.00,92.95
1631120605,64.20,86.00,92.67
1631120665,64.30,85.64,91.96
1631120725,64.70,85.64,92.11
1631120785,64.80,85.46,91.77
1631120845,65.10,85.28,91.50
1631120905,65.00,85.28,91.47
1631120965,65.40,85.28,91.61
1631121025,65.40,85.28,91.61
1631121085,66.30,85.10,91.56
1631121145,66.10,85.10,91.49
1631121205,66.00,84.92,91.08
1631121265,66.10,84.74,90.74
1631121325,66.20,84.74,90.77
1631121385,66.40,84.74,90.84
1631121445,65.80,84.56,90.27
1631121505,65.90,84.56,90.31
1631121565,66.20,84.38,90.04
1631121625,66.50,84.20,89.78
1631121685,66.60,84.20,89.81
1631121745,67.00,84.20,89.93
1631121805,67.00,84.38,90.30
1631121865,67.00,84.38,90.30
1631121925,66.90,84.56,90.64
1631121985,67.20,84.56,90.74
1631122045,67.30,84.56,90.77
1631122105,67.30,84.56,90.77
1631122165,67.30,84.56,90.77
1631122225,67.30,84.56,90.77
1631122285,67.40,84.56,90.81
1631122346,67.30,84.56,90.77
1631122406,67.30,84.56,90.77
1631122466,67.50,84.56,90.84
1631122526,67.60,84.56,90.87
1631122586,67.80,84.56,90.94
1631122646,67.90,84.38,90.60
1631122706,68.10,84.38,90.66
1631122766,67.90,84.38,90.60
1631122826,68.20,84.20,90.32
1631122886,68.20,84.20,90.32
1631122946,68.30,84.20,90.35
1631123006,68.50,84.20,90.42
1631123066,68.60,84.20,90.45
1631123126,68.90,84.20,90.55
1631123186,68.70,84.02,90.10
1631123246,68.80,84.02,90.13
1631123306,69.20,84.02,90.26
1631123366,69.10,84.02,90.23
1631123426,69.10,83.84,89.85
1631123486,69.00,83.84,89.82
1631123546,69.20,83.84,89.88
1631123606,69.20,83.84,89.88
1631123666,69.50,83.84,89.97
1631123726,69.30,83.66,89.54
1631123786,69.40,83.66,89.57
1631123846,69.00,83.30,88.72
1631123906,69.50,83.12,88.49
1631123966,69.60,82.94,88.16
1631124026,69.80,82.94,88.21
1631124087,70.00,82.94,88.27
1631124147,69.70,82.94,88.19
1631124207,69.90,82.94,88.24
1631124267,70.10,82.94,88.29
1631124327,70.20,82.76,87.96
1631124387,70.20,82.76,87.96
1631124447,70.30,82.76,87.98
1631124507,70.50,82.76,88.03
1631124567,70.40,82.76,88.01
1631124627,70.60,82.76,88.06
1631124687,70.80,82.76,88.11
1631124747,70.90,82.58,87.77
1631124807,71.00,82.58,87.80
1631124867,71.10,82.58,87.83
1631124927,71.30,82.58,87.88
1631124987,71.30,82.58,87.88
1631125047,71.40,82.40,87.54
1631125107,71.60,82.40,87.59
1631125167,71.60,82.40,87.59
1631125227,71.60,82.40,87.59
1631125287,71.80,82.22,87.27
1631125347,71.90,82.22,87.30
1631125407,71.80,82.22,87.27
1631125467,71.90,82.22,87.30
1631125527,71.90,82.22,87.30
1631125587,72.00,82.22,87.32
1631125647,71.90,82.22,87.30
1631125707,71.90,82.04,86.94
1631125767,71.80,82.04,86.91
1631125827,71.90,82.04,86.94
1631125888,72.00,82.04,86.96
1631125948,72.00,82.04,86.96
1631126008,72.20,82.04,87.00
1631126068,72.10,82.04,86.98
1631126128,72.10,82.04,86.98
1631126188,72.20,82.04,87.00
1631126248,72.20,81.86,86.65
1631126308,72.40,81.86,86.69
1631126368,72.50,81.86,86.71
1631126428,72.40,81.86,86.69
1631126488,72.50,81.68,86.36
1631126548,72.50,81.68,86.36
1631126608,72.60,81.68,86.38
1631126668,72.60,81.50,86.03
1631126728,72.40,81.50,85.99
1631126788,72.60,81.50,86.03
1631126848,72.70,81.50,86.05
1631126908,72.50,81.32,85.66
1631126968,72.60,81.32,85.68
1631127028,73.00,81.32,85.75
1631127088,72.90,81.14,85.39
1631127148,72.80,81.14,85.37
1631127208,73.00,81.14,85.41
1631127268,73.10,81.14,85.43
1631127328,73.30,80.96,85.12
1631127388,73.30,80.96,85.12
1631127448,73.10,80.96,85.08
1631127508,73.30,80.78,84.78
1631127568,73.50,80.78,84.81
1631127628,73.10,80.60,84.41
1631127689,73.10,80.60,84.41
1631127749,73.50,80.60,84.47
1631127809,73.40,80.60,84.46
1631127869,73.20,80.42,84.10
1631127929,73.60,80.42,84.16
1631127989,73.60,80.42,84.16
1631128049,73.60,80.24,83.83
1631128109,73.50,80.24,83.81
1631128169,73.90,80.24,83.87
1631128229,73.60,80.06,83.50
1631128289,73.90,80.06,83.54
1631128349,73.90,80.06,83.54
1631128409,73.90,80.06,83.54
1631128469,73.90,79.88,83.22
1631128529,74.00,79.88,83.23
1631128589,74.00,79.88,83.23
1631128649,74.20,79.88,83.26
1631128709,74.00,79.88,83.23
1631128769,74.40,79.70,82.96
1631128829,74.30,79.70,82.95
1631128889,74.30,79.70,82.95
1631128949,74.30,79.70,82.95
1631129009,74.40,79.52,82.64
1631129069,74.40,79.52,82.64
1631129129,74.40,79.52,82.64
1631129189,74.60,79.52,82.66
1631129249,74.50,79.34,82.34
1631129309,74.70,79.34,82.36
1631129369,74.50,79.34,82.34
1631129430,74.70,79.34,82.36
1631129490,74.40,79.16,82.02
1631129550,74.50,79.16,82.03
1631129610,74.60,79.16,82.04
1631129670,74.60,79.16,82.04
1631129730,74.70,79.16,82.05
1631129790,74.90,79.16,82.07
1631129850,74.90,78.98,81.76
1631129910,75.20,78.98,81.78
1631129970,74.90,78.98,81.76
1631130030,75.00,78.98,81.77
1631130090,75.10,78.80,81.47
1631130150,75.00,78.80,81.46
1631130210,75.10,78.80,81.47
1631130270,75.50,78.80,81.50
1631130330,75.40,78.80,81.49
1631130390,75.30,78.80,81.48
1631130450,75.40,78.80,81.49
1631130510,75.40,78.62,81.19
1631130570,75.60,78.62,81.20
1631130630,75.50,78.62,81.19
1631130690,75.60,78.62,81.20
1631130750,75.60,78.62,81.20
1631130810,75.60,78.44,80.90
1631130870,75.60,78.44,80.90
1631130930,75.80,78.44,80.91
1631130990,75.90,78.44,80.91
1631131050,76.10,78.44,80.92
1631131110,75.90,78.44,80.91
1631131170,75.90,78.26,80.62
1631131231,76.00,78.26,80.62
1631131291,76.10,78.26,80.63
1631131351,76.00,78.26,80.62
1631131411,76.10,78.26,80.63
1631131471,76.20,78.26,80.63
1631131531,76.10,78.08,80.33
1631131591,76.60,78.08,80.35
1631131651,76.50,78.08,80.34
1631131711,76.30,78.08,80.34
1631131771,76.50,78.08,80.34
1631131831,76.40,78.08,80.34
1631131891,76.70,78.08,80.35
1631131951,76.70,77.90,78.99
1631132011,76.60,77.90,78.99
1631132071,76.60,77.90,78.99
1631132131,76.90,77.90,80.06
1631132191,76.80,77.90,79.00
1631132251,76.90,77.90,80.06
1631132311,76.80,77.90,79.00
1631132371,77.10,77.72,78.82
1631132431,77.10,77.72,78.82
1631132491,77.10,77.72,78.82
1631132551,77.20,77.72,78.82
1631132611,77.40,77.72,78.83
1631132671,77.50,77.72,78.83
1631132731,77.30,77.54,78.63
1631132791,77.50,77.54,78.64
1631132851,77.40,77.54,78.63
1631132911,77.60,77.54,78.64
1631132971,77.60,77.54,78.64
1631133032,77.60,77.54,78.64
1631133092,77.60,77.54,78.64
1631133152,77.70,77.54,78.65
1631133212,77.80,77.36,78.45
1631133272,77.80,77.36,78.45
1631133332,77.80,77.36,78.45
1631133392,77.70,77.36,78.45
1631133452,77.80,77.36,78.45
1631133512,77.90,77.36,78.46
1631133572,78.00,77.36,78.46
1631133632,78.10,77.36,78.47
1631133692,78.00,77.18,78.26
1631133752,78.10,77.18,78.27
1631133812,78.30,77.18,78.28
1631133872,78.20,77.18,78.27
1631133932,77.90,77.18,78.26
1631133992,78.20,77.18,78.27
1631134052,78.30,77.18,78.28
1631134112,78.40,77.18,78.28
1631134172,78.50,77.18,78.29
1631134232,78.40,77.00,78.08
1631134292,78.50,77.00,78.09
1631134352,78.50,77.00,78.09
1631134412,78.60,77.00,78.09
1631134472,78.40,77.00,78.08
1631134532,78.60,77.00,78.09
1631134592,78.60,76.82,77.90
1631134652,78.70,76.82,77.90
1631134712,78.80,76.82,77.91
1631134772,78.70,76.82,77.90
1631134833,78.70,76.82,77.90
1631134893,79.00,76.82,77.92
1631134953,78.90,76.82,77.91
1631135013,78.90,76.82,77.91
1631135073,78.90,76.82,77.91
1631135133,78.80,76.82,77.91
1631135193,79.00,76.82,77.92
1631135253,78.80,76.82,77.91
1631135313,78.90,76.64,77.71
1631135373,79.00,76.64,77.72
1631135433,79.20,76.64,77.73
1631135493,79.10,76.64,77.72
1631135553,78.90,76.64,77.71
1631135613,79.00,76.64,77.72
1631135673,79.20,76.64,77.73
1631135733,79.00,76.64,77.72
1631135793,79.20,76.64,77.73
1631135853,79.50,76.46,77.54
1631135913,79.40,76.46,77.54
1631135973,79.50,76.46,77.54
1631136033,79.60,76.64,77.75
1631136093,79.20,76.46,77.53
1631136153,79.30,76.46,77.53
1631136213,79.40,76.46,77.54
1631136273,79.40,76.46,77.54
1631136333,79.50,76.46,77.54
1631136393,79.60,76.46,77.55
1631136453,79.80,76.46,77.56
1631136513,79.80,76.46,77.56
1631136573,79.60,76.46,77.55
1631136634,79.70,76.28,77.35
1631136694,79.70,76.28,77.35
1631136754,79.70,76.28,77.35
1631136814,79.70,76.28,77.35
1631136874,79.80,76.28,77.36
1631136934,79.60,76.28,77.35
1631136994,79.80,76.28,77.36
1631137054,80.00,76.28,77.37
1631137114,80.00,76.28,77.37
1631137174,79.90,76.28,77.36
1631137234,79.80,76.28,77.36
1631137294,80.00,76.28,77.37
1631137354,80.10,76.28,77.37
1631137414,80.20,76.28,77.38
1631137474,79.90,76.28,77.36
1631137534,79.90,76.10,77.17
1631137594,80.10,76.10,77.17
1631137654,80.00,76.10,77.17
1631137714,80.20,76.10,77.18
1631137774,80.00,76.10,77.17
1631137834,80.10,76.10,77.17
1631137894,80.20,76.10,77.18
1631137954,80.10,76.10,77.17
1631138014,80.20,76.10,77.18
1631138074,80.30,76.10,77.18
1631138134,80.40,76.10,77.19
1631138194,80.40,76.10,77.19
1631138254,80.30,76.10,77.18
1631138314,80.10,76.10,77.17
1631138374,80.40,76.10,77.19
1631138435,80.40,76.10,77.19
1631138495,80.50,76.10,77.19
1631138555,80.50,76.10,77.19
1631138615,80.50,76.10,77.19
1631138675,80.50,76.10,77.19
1631138735,80.60,76.10,77.20
1631138795,80.80,76.10,77.21
1631138855,80.50,76.10,77.19
1631138915,80.50,76.10,77.19
1631138975,80.70,76.10,77.20
1631139035,80.50,76.10,77.19
1631139095,80.70,76.10,77.20
1631139155,80.70,76.10,77.20
1631139215,80.90,76.10,77.21
1631139275,80.70,76.10,77.20
1631139335,80.50,76.10,77.19
1631139395,80.80,76.10,77.21
1631139455,80.80,76.10,77.21
1631139515,80.70,75.92,77.00
1631139575,80.90,75.92,77.01
1631139635,80.80,75.92,77.01
1631139695,80.90,75.92,77.01
1631139755,81.00,75.92,77.02
1631139815,80.90,75.92,77.01
1631139875,80.90,75.92,77.01
1631139935,80.90,75.92,77.01
1631139995,81.20,75.92,77.03
1631140055,81.00,75.92,77.02
1631140115,81.10,75.74,76.83
1631140176,81.00,75.74,76.82
1631140236,81.00,75.74,76.82
1631140296,81.20,75.74,76.83
1631140356,81.10,75.74,76.83
1631140416,81.30,75.74,76.84
1631140476,81.30,75.74,76.84
1631140536,81.50,75.74,76.84
1631140596,81.30,75.74,76.84
1631140656,81.20,75.56,76.63
1631140716,81.30,75.56,76.64
1631140776,81.30,75.56,76.64
1631140836,81.40,75.56,76.64
1631140896,81.30,75.56,76.64
1631140956,81.40,75.56,76.64
1631141016,81.60,75.56,76.65
1631141076,81.60,75.56,76.65
1631141136,81.50,75.56,76.65
1631141196,81.50,75.38,76.45
1631141256,81.50,75.38,76.45
1631141316,81.70,75.38,76.46
1631141376,81.80,75.38,76.46
1631141436,81.80,75.38,76.46
1631141496,81.70,75.38,76.46
1631141556,81.70,75.38,76.46
1631141616,82.30,75.20,76.29
1631141676,81.80,75.38,76.46
1631141736,81.90,75.20,76.27
1631141796,82.00,75.20,76.27
1631141856,81.80,75.20,76.26
1631141916,82.00,75.20,76.27
1631141977,81.90,75.20,76.27
1631142037,81.90,75.20,76.27
1631142097,81.90,75.20,76.27
1631142157,82.00,75.20,76.27
1631142217,81.90,75.20,76.27
1631142277,82.10,75.20,76.28
1631142337,81.90,75.20,76.27
1631142397,82.00,75.20,76.27
1631142457,82.20,75.20,76.28
1631142517,82.10,75.20,76.28
1631142577,82.20,75.20,76.28
1631142637,82.20,75.02,76.09
1631142697,82.10,75.02,76.08
1631142757,82.40,75.02,76.09
1631142817,82.30,75.02,76.09
1631142877,82.30,75.02,76.09
1631142937,82.50,75.02,76.10
1631142997,82.50,75.02,76.10
1631143057,82.50,75.02,76.10
1631143117,82.50,74.84,75.90
1631143177,82.60,74.84,75.91
1631143237,82.50,74.84,75.90
1631143297,82.60,74.84,75.91
1631143357,82.60,74.84,75.91
1631143417,82.60,74.84,75.91
1631143477,82.40,74.84,75.90
1631143537,82.80,74.84,75.92
1631143597,82.60,74.84,75.91
1631143657,82.80,74.66,75.72
1631143717,83.00,74.66,75.73
1631143778,82.90,74.66,75.72
1631143838,83.00,74.66,75.73
1631143898,83.20,74.66,75.74
1631143958,83.10,74.66,75.73
1631144018,82.90,74.66,75.72
1631144078,83.10,74.66,75.73
1631144138,83.00,74.66,75.73
1631144198,83.00,74.66,75.73
1631144258,83.20,74.66,75.74
1631144318,83.30,74.66,75.74
1631144378,83.10,74.66,75.73
1631144438,83.30,74.66,75.74
1631144498,83.20,74.66,75.74
1631144558,83.20,74.66,75.74
1631144618,83.10,74.66,75.73
1631144678,83.20,74.48,75.54
1631144738,83.10,74.48,75.53
1631144798,83.30,74.48,75.54
1631144858,83.10,74.48,75.53
1631144918,83.40,74.48,75.55
1631144978,83.40,74.66,75.75
1631145038,83.10,74.66,75.73
1631145098,83.20,74.48,75.54
1631145158,83.30,74.48,75.54
1631145218,83.20,74.48,75.54
1631145278,83.30,74.66,75.74
1631145338,83.30,74.48,75.54
1631145398,83.20,74.48,75.54
1631145458,83.60,74.48,75.56
1631145518,83.40,74.48,75.55
