1630713601,86.20,62.96,63.01
1630713661,86.10,62.96,63.00
1630713721,86.20,62.96,63.01
1630713781,86.00,62.96,63.00
1630713841,85.90,62.96,62.99
1630713901,86.10,62.96,63.00
1630713961,85.80,62.96,62.99
1630714021,86.00,62.96,63.00
1630714081,85.70,62.96,62.98
1630714141,85.60,62.96,62.98
1630714201,85.50,62.96,62.97
1630714261,85.70,62.96,62.98
1630714321,85.50,62.96,62.97
1630714381,85.40,62.78,62.77
1630714441,85.60,62.78,62.78
1630714501,85.80,62.78,62.79
1630714561,85.70,62.78,62.79
1630714621,85.80,62.78,62.79
1630714681,85.70,62.96,62.98
1630714741,85.60,62.96,62.98
1630714801,86.10,62.78,62.80
1630714861,85.80,62.96,62.99
1630714921,85.50,62.96,62.97
1630714981,85.40,62.96,62.97
1630715041,85.40,62.96,62.97
1630715101,85.70,62.96,62.98
1630715161,85.70,62.96,62.98
1630715222,85.20,62.96,62.96
1630715282,85.10,63.14,63.15
1630715342,85.60,63.14,63.18
1630715402,85.30,63.14,63.16
1630715462,85.50,62.96,62.97
1630715522,85.60,62.96,62.98
1630715582,85.20,62.96,62.96
1630715642,85.30,62.78,62.77
1630715702,85.50,62.96,62.97
1630715762,85.10,62.78,62.76
1630715822,85.50,62.78,62.78
1630715882,85.70,62.78,62.79
1630715942,85.80,62.96,62.99
1630716002,85.00,62.96,62.95
1630716062,85.50,62.96,62.97
1630716122,85.10,62.96,62.96
1630716182,85.10,62.96,62.96
1630716242,85.10,63.14,63.15
1630716302,85.10,63.14,63.15
1630716362,86.10,63.14,63.20
1630716422,85.90,62.96,62.99
1630716482,86.10,62.96,63.00
1630716542,86.10,62.96,63.00
1630716602,85.60,62.96,62.98
1630716662,85.30,62.96,62.97
1630716722,85.50,62.96,62.97
1630716782,85.80,62.96,62.99
1630716842,85.80,62.96,62.99
1630716902,86.10,62.96,63.00
1630716963,85.70,62.78,62.79
1630717023,85.80,62.78,62.79
1630717083,85.90,62.78,62.80
1630717143,85.60,62.78,62.78
1630717203,85.90,62.78,62.80
1630717263,86.00,62.60,62.60
1630717323,86.20,62.60,62.61
1630717383,86.10,62.60,62.61
1630717443,85.90,62.60,62.60
1630717503,86.10,62.60,62.61
1630717563,86.10,62.60,62.61
1630717623,86.60,62.60,62.63
1630717683,86.80,62.60,62.64
1630717743,86.50,62.60,62.63
1630717803,86.90,62.60,62.64
1630717863,87.00,62.60,62.65
1630717923,87.10,62.60,62.65
1630717983,86.50,62.60,62.63
1630718043,86.80,62.42,62.44
1630718103,86.70,62.42,62.44
1630718163,86.60,62.42,62.43
1630718223,86.30,62.24,62.22
1630718283,86.30,62.24,62.22
1630718343,86.60,62.24,62.23
1630718403,86.50,62.24,62.23
1630718463,87.00,62.06,62.06
1630718523,87.00,62.06,62.06
1630718583,87.10,62.06,62.06
1630718643,87.50,62.06,62.08
1630718704,86.90,61.88,61.85
1630718764,87.10,61.88,61.86
1630718824,87.40,61.88,61.88
1630718884,87.20,61.88,61.87
1630718944,87.20,61.88,61.87
1630719004,87.40,61.88,61.88
1630719064,86.90,61.88,61.85
1630719124,86.90,61.88,61.85
1630719184,86.70,61.88,61.84
1630719244,87.10,61.88,61.86
1630719304,87.30,61.88,61.87
1630719364,87.20,61.88,61.87
1630719424,87.20,61.88,61.87
1630719484,87.40,61.88,61.88
1630719544,87.30,61.70,61.67
1630719604,87.90,61.70,61.70
1630719664,88.20,61.70,61.72
1630719724,88.00,61.70,61.71
1630719784,88.10,61.70,61.71
1630719844,87.70,61.70,61.69
1630719904,87.80,61.88,61.89
1630719964,87.70,61.70,61.69
1630720024,87.70,61.70,61.69
1630720084,87.80,61.52,61.50
1630720144,88.20,61.70,61.72
1630720204,88.00,61.70,61.71
1630720264,88.10,61.70,61.71
1630720324,88.20,61.70,61.72
1630720385,87.90,61.70,61.70
1630720445,88.10,61.70,61.71
1630720505,88.10,61.70,61.71
1630720565,88.10,61.70,61.71
1630720625,88.00,61.70,61.71
1630720685,87.80,61.70,61.70
1630720745,88.00,61.70,61.71
1630720805,88.20,61.52,61.52
1630720865,87.90,61.52,61.50
1630720925,87.90,61.52,61.50
1630720985,88.10,61.70,61.71
1630721045,88.10,61.52,61.51
1630721105,87.90,61.70,61.70
1630721165,87.80,61.52,61.50
1630721225,88.10,61.70,61.71
1630721285,87.90,61.70,61.70
1630721345,87.70,61.52,61.49
1630721405,87.80,61.52,61.50
1630721465,88.20,61.52,61.52
1630721525,88.20,61.52,61.52
1630721585,88.10,61.52,61.51
1630721645,88.40,61.52,61.53
1630721705,88.20,61.52,61.52
1630721765,88.10,61.52,61.51
1630721825,88.10,61.52,61.51
1630721885,88.10,61.52,61.51
1630721945,88.30,61.52,61.52
1630722005,88.80,61.52,61.55
1630722066,88.40,61.52,61.53
1630722126,88.60,61.34,61.34
1630722186,88.50,61.52,61.53
1630722246,88.70,61.34,61.34
1630722306,88.30,61.34,61.32
1630722366,88.50,61.34,61.33
1630722426,88.40,61.34,61.33
1630722486,88.60,61.34,61.34
1630722546,88.80,61.34,61.35
1630722606,89.10,61.34,61.36
1630722666,88.60,61.16,61.14
1630722726,88.60,61.16,61.14
1630722786,88.70,61.16,61.14
1630722846,88.50,61.16,61.14
1630722906,88.70,61.16,61.14
1630722966,88.40,61.16,61.13
1630723026,88.60,61.16,61.14
1630723086,88.70,60.98,60.95
1630723146,88.80,60.98,60.95
1630723206,88.30,60.98,60.93
1630723266,88.60,60.98,60.94
1630723326,88.30,60.98,60.93
1630723386,88.10,60.98,60.92
1630723446,88.30,60.80,60.73
1630723506,88.40,60.98,60.93
1630723566,88.70,60.98,60.95
1630723626,88.30,60.98,60.93
1630723686,88.70,60.98,60.95
1630723746,88.50,60.80,60.74
1630723807,88.50,60.80,60.74
1630723867,88.80,60.80,60.75
1630723927,88.70,60.80,60.75
1630723987,88.70,60.80,60.75
1630724047,88.60,60.80,60.74
1630724107,88.30,60.62,60.53
1630724167,88.40,60.62,60.54
1630724227,88.10,60.62,60.52
1630724287,88.80,60.62,60.56
1630724347,89.10,60.62,60.57
1630724407,88.70,60.62,60.55
1630724467,88.90,60.62,60.56
1630724527,88.90,60.62,60.56
1630724587,89.30,60.44,60.38
1630724647,88.90,60.44,60.36
1630724707,89.10,60.44,60.37
1630724767,89.30,60.44,60.38
1630724827,89.00,60.44,60.37
1630724887,89.30,60.26,60.18
1630724947,89.10,60.44,60.37
1630725007,89.20,60.26,60.18
1630725067,89.60,60.44,60.40
1630725127,89.60,60.26,60.20
1630725187,89.40,60.26,60.19
1630725247,89.60,60.26,60.20
1630725307,89.40,60.26,60.19
1630725367,89.60,60.26,60.20
1630725427,89.70,60.26,60.20
1630725488,89.80,60.26,60.21
1630725548,89.40,60.08,59.99
1630725608,89.60,60.26,60.20
1630725668,89.30,60.26,60.18
1630725728,89.40,60.26,60.19
1630725788,89.30,60.26,60.18
1630725848,89.30,60.26,60.18
1630725908,89.50,60.08,59.99
1630725968,89.50,60.08,59.99
1630726028,89.70,60.08,60.00
1630726088,90.00,60.08,60.02
1630726148,89.80,60.08,60.01
1630726208,89.80,60.08,60.01
1630726268,89.80,60.08,60.01
1630726328,89.40,59.90,59.79
1630726388,89.70,59.90,59.81
1630726448,89.60,59.90,59.80
1630726508,89.60,59.90,59.80
1630726568,89.70,59.90,59.81
1630726628,89.90,59.90,59.82
1630726688,89.80,59.90,59.81
1630726748,89.60,59.90,59.80
1630726808,89.90,59.72,59.62
1630726868,90.00,59.72,59.62
1630726928,89.70,59.72,59.61
1630726988,90.10,59.54,59.43
1630727048,90.20,59.54,59.43
1630727108,90.30,59.54,59.44
1630727168,90.10,59.72,59.63
1630727229,89.90,59.54,59.42
1630727289,90.00,59.72,59.62
1630727349,90.00,59.72,59.62
1630727409,89.80,59.54,59.41
1630727469,89.90,59.54,59.42
1630727529,90.20,59.54,59.43
1630727589,90.20,59.54,59.43
1630727649,90.00,59.54,59.42
1630727709,89.80,59.54,59.41
1630727769,90.10,59.54,59.43
1630727829,90.00,59.54,59.42
1630727889,90.00,59.36,59.23
1630727949,89.90,59.36,59.22
1630728009,90.20,59.36,59.24
1630728069,90.10,59.36,59.23
1630728129,90.30,59.36,59.24
1630728189,90.10,59.36,59.23
1630728249,90.30,59.36,59.24
1630728309,90.40,59.18,59.05
1630728369,90.30,59.36,59.24
1630728429,90.50,59.18,59.05
1630728489,90.50,59.18,59.05
1630728549,90.20,59.36,59.24
1630728609,90.10,59.36,59.23
1630728669,90.00,59.36,59.23
1630728729,90.00,59.36,59.23
1630728789,89.80,59.36,59.22
1630728849,90.20,59.36,59.24
1630728910,90.40,59.36,59.24
1630728970,90.30,59.36,59.24
1630729030,90.40,59.36,59.24
1630729090,90.50,59.36,59.25
1630729150,90.40,59.36,59.24
1630729210,90.60,59.36,59.25
1630729270,90.40,59.18,59.05
1630729330,90.00,59.18,59.03
1630729390,90.60,59.18,59.06
1630729450,90.60,59.18,59.06
1630729510,90.40,59.18,59.05
1630729570,90.50,59.18,59.05
1630729630,90.70,59.18,59.06
1630729690,90.90,59.00,58.87
1630729750,91.10,59.18,59.08
1630729810,90.80,59.00,58.87
1630729870,90.90,59.18,59.07
1630729930,91.00,59.18,59.08
1630729990,90.80,59.18,59.07
1630730050,90.80,59.18,59.07
1630730110,90.80,59.18,59.07
1630730170,91.00,59.18,59.08
1630730230,91.10,59.18,59.08
1630730290,91.00,59.00,58.88
1630730350,90.80,59.00,58.87
1630730410,91.10,59.18,59.08
1630730470,90.90,59.00,58.87
1630730530,91.00,59.18,59.08
1630730591,91.00,59.00,58.88
1630730651,91.00,59.00,58.88
1630730711,90.90,59.00,58.87
1630730771,91.10,58.82,58.68
1630730831,91.20,58.82,58.69
1630730891,91.20,58.64,58.49
1630730951,91.20,58.82,58.69
1630731011,91.00,58.64,58.48
1630731071,91.30,58.82,58.69
1630731131,91.60,58.82,58.71
1630731191,91.20,58.82,58.69
1630731251,91.00,58.82,58.68
1630731311,91.10,58.82,58.68
1630731371,91.30,59.00,58.89
1630731431,91.10,59.00,58.88
1630731491,91.00,59.00,58.88
1630731551,91.10,59.00,58.88
1630731611,91.00,59.00,58.88
1630731671,91.20,58.82,58.69
1630731731,91.30,59.00,58.89
1630731791,90.90,59.00,58.87
1630731851,90.90,58.82,58.67
1630731911,91.00,59.00,58.88
1630731971,91.30,59.00,58.89
1630732031,91.20,58.82,58.69
1630732091,91.40,59.00,58.90
1630732151,91.30,59.00,58.89
1630732211,91.10,59.00,58.88
1630732272,91.40,59.00,58.90
1630732332,91.20,59.00,58.89
1630732392,91.10,59.00,58.88
1630732452,91.20,59.00,58.89
1630732512,91.40,58.82,58.70
1630732572,90.70,58.82,58.66
1630732632,91.00,58.64,58.48
1630732692,91.00,58.64,58.48
1630732752,91.60,58.64,58.51
1630732812,91.40,58.64,58.50
1630732872,91.20,58.64,58.49
1630732932,91.10,58.64,58.49
1630732992,91.40,58.64,58.50
1630733052,91.20,58.64,58.49
1630733112,91.20,58.64,58.49
1630733172,91.30,58.46,58.30
1630733232,91.30,58.46,58.30
1630733292,91.10,58.46,58.29
1630733352,91.30,58.46,58.30
1630733412,91.20,58.28,58.09
1630733472,91.30,58.28,58.10
1630733532,91.20,58.46,58.29
1630733592,91.20,58.28,58.09
1630733652,91.50,58.28,58.11
1630733712,91.30,58.28,58.10
1630733772,91.20,58.28,58.09
1630733832,91.10,58.28,58.09
1630733892,91.30,58.28,58.10
1630733952,91.40,58.28,58.10
1630734013,91.20,58.28,58.09
1630734073,91.00,58.28,58.08
1630734133,91.00,58.46,58.28
1630734193,91.30,58.46,58.30
1630734253,91.00,58.46,58.28
1630734313,91.20,58.46,58.29
1630734373,91.30,58.46,58.30
1630734433,90.90,58.46,58.28
1630734493,91.10,58.46,58.29
1630734553,91.10,58.46,58.29
1630734613,91.20,58.46,58.29
1630734673,90.90,58.46,58.28
1630734733,90.90,58.46,58.28
1630734793,91.30,58.28,58.10
1630734853,91.30,58.46,58.30
1630734913,91.20,58.46,58.29
1630734973,91.20,58.46,58.29
1630735033,91.20,58.46,58.29
1630735093,91.30,58.46,58.30
1630735153,91.10,58.28,58.09
1630735213,90.80,58.28,58.08
1630735273,91.20,58.28,58.09
1630735333,91.30,58.28,58.10
1630735393,91.20,58.28,58.09
1630735453,91.20,58.46,58.29
1630735513,91.50,58.28,58.11
1630735573,91.40,58.46,58.30
1630735633,91.20,58.46,58.29
1630735693,91.20,58.46,58.29
1630735754,91.30,58.46,58.30
1630735814,91.10,58.64,58.49
1630735874,91.20,58.46,58.29
1630735934,91.20,58.46,58.29
1630735994,91.30,58.46,58.30
1630736054,91.40,58.46,58.30
1630736114,91.50,58.64,58.50
1630736174,91.10,58.64,58.49
1630736234,91.60,58.64,58.51
1630736294,91.70,58.64,58.51
1630736354,91.60,58.64,58.51
1630736414,91.90,58.82,58.72
1630736474,91.50,58.82,58.70
1630736534,91.40,58.82,58.70
1630736594,91.50,58.82,58.70
1630736654,91.70,58.82,58.71
1630736714,91.80,58.82,58.72
1630736774,91.50,58.82,58.70
1630736834,91.60,59.00,58.91
1630736894,91.90,58.82,58.72
1630736954,91.70,58.82,58.71
1630737014,91.90,58.82,58.72
1630737074,92.00,59.00,58.92
1630737134,92.10,59.00,58.93
1630737194,91.90,58.82,58.72
1630737254,92.10,59.00,58.93
1630737314,91.90,59.00,58.92
1630737375,91.70,59.00,58.91
1630737435,91.90,59.00,58.92
1630737495,91.80,59.00,58.91
1630737555,92.00,59.00,58.92
1630737615,91.70,59.00,58.91
1630737675,92.10,59.00,58.93
1630737735,91.80,59.00,58.91
1630737795,91.80,59.00,58.91
1630737855,91.60,59.00,58.91
1630737915,91.60,59.00,58.91
1630737975,91.90,59.18,59.12
1630738035,92.00,59.00,58.92
1630738095,91.80,59.00,58.91
1630738155,91.90,59.00,58.92
1630738215,91.90,59.00,58.92
1630738275,92.00,59.00,58.92
1630738335,91.80,59.00,58.91
1630738395,91.90,59.00,58.92
1630738455,91.90,59.00,58.92
1630738515,92.10,59.00,58.93
1630738575,92.00,59.00,58.92
1630738635,92.00,59.00,58.92
1630738695,91.90,59.00,58.92
1630738755,91.70,59.00,58.91
1630738815,92.10,59.00,58.93
1630738875,91.80,59.00,58.91
1630738935,91.50,59.00,58.90
1630738995,91.50,59.00,58.90
1630739055,91.80,59.00,58.91
1630739116,91.80,59.00,58.91
1630739176,91.80,59.18,59.11
1630739236,91.90,59.18,59.12
1630739296,91.60,59.18,59.10
1630739356,91.80,59.18,59.11
1630739416,91.40,59.18,59.09
1630739476,91.50,59.18,59.10
1630739536,91.80,59.18,59.11
1630739596,91.60,59.18,59.10
1630739656,91.60,59.18,59.10
1630739716,91.80,59.18,59.11
1630739776,91.50,59.18,59.10
1630739836,91.60,59.18,59.10
1630739896,91.60,59.36,59.30
1630739956,91.70,59.36,59.31
1630740016,91.80,59.36,59.31
1630740076,92.20,59.36,59.33
1630740136,91.70,59.54,59.50
1630740196,91.80,59.54,59.51
1630740256,91.60,59.54,59.50
1630740316,91.70,59.54,59.50
1630740376,92.00,59.54,59.52
1630740436,91.60,59.72,59.70
1630740496,90.90,59.72,59.66
1630740556,91.30,59.90,59.88
1630740616,91.20,59.90,59.88
1630740676,91.50,59.90,59.89
1630740736,91.00,59.90,59.87
1630740797,91.00,59.90,59.87
1630740857,91.30,59.90,59.88
1630740917,91.10,59.90,59.87
1630740977,91.00,60.08,60.07
1630741037,91.00,60.08,60.07
1630741097,91.30,60.08,60.08
1630741157,90.40,60.08,60.04
1630741217,90.30,60.08,60.03
1630741277,91.00,60.08,60.07
1630741337,91.60,60.08,60.09
1630741397,91.40,60.26,60.28
1630741457,91.30,60.26,60.28
1630741517,91.10,60.26,60.27
1630741577,90.70,60.44,60.45
1630741637,90.70,60.44,60.45
1630741697,91.10,60.62,60.66
1630741757,91.30,60.62,60.67
1630741817,91.30,60.62,60.67
1630741877,91.60,60.80,60.89
1630741937,91.10,60.80,60.86
1630741997,90.70,60.80,60.84
1630742057,90.30,60.80,60.82
1630742117,90.40,60.98,61.03
1630742177,90.70,60.98,61.04
1630742237,90.80,60.98,61.05
1630742297,90.10,60.98,61.01
1630742357,90.80,61.16,61.24
1630742417,90.40,61.16,61.22
1630742478,90.20,61.16,61.22
1630742538,90.60,61.34,61.43
1630742598,90.60,61.34,61.43
1630742658,90.00,61.34,61.40
1630742718,90.00,61.34,61.40
1630742778,89.80,61.52,61.59
1630742838,89.80,61.52,61.59
1630742898,89.50,61.52,61.58
1630742958,89.20,61.52,61.56
1630743018,89.30,61.52,61.57
1630743078,89.50,61.70,61.78
1630743138,89.20,61.70,61.76
1630743198,89.10,61.70,61.76
1630743258,89.30,61.70,61.77
1630743318,89.10,61.70,61.76
1630743378,89.20,61.88,61.96
1630743438,88.80,61.88,61.94
1630743498,88.50,61.88,61.93
1630743558,88.30,62.06,62.12
1630743618,88.30,62.06,62.12
1630743678,88.90,62.06,62.14
1630743738,88.50,62.06,62.13
1630743798,88.50,62.24,62.32
1630743858,88.50,62.24,62.32
1630743918,88.30,62.24,62.31
1630743978,88.30,62.42,62.51
1630744038,88.50,62.42,62.52
1630744098,88.30,62.42,62.51
1630744159,88.20,62.42,62.51
1630744219,88.70,62.60,62.73
1630744279,88.30,62.60,62.71
1630744339,88.40,62.60,62.71
1630744399,88.70,62.60,62.73
1630744459,88.40,62.60,62.71
1630744519,88.70,62.60,62.73
1630744579,88.50,62.78,62.92
1630744639,88.40,62.78,62.91
1630744699,88.20,62.78,62.90
1630744759,88.10,62.96,63.10
1630744819,87.70,62.96,63.08
1630744879,87.50,63.14,63.27
1630744939,88.00,63.14,63.29
1630744999,88.10,63.14,63.29
1630745059,88.20,63.14,63.30
1630745119,88.00,63.14,63.29
1630745179,87.80,63.32,63.48
1630745239,87.20,63.32,63.45
1630745299,87.70,63.50,63.67
1630745359,87.20,63.50,63.65
1630745419,87.50,63.50,63.66
1630745479,87.40,63.68,63.86
1630745539,87.40,63.68,63.86
1630745599,87.60,63.68,63.87
1630745659,87.40,63.86,64.05
1630745719,87.80,63.86,64.07
1630745779,87.70,64.04,64.27
1630745840,87.30,64.04,64.25
1630745900,87.50,64.04,64.26
1630745960,87.60,64.22,64.46
1630746020,87.10,64.22,64.44
1630746080,86.90,64.22,64.43
1630746140,87.50,64.40,64.65
1630746200,87.20,64.40,64.64
1630746260,86.70,64.40,64.61
1630746320,87.10,64.58,64.83
1630746380,87.60,64.58,64.86
1630746440,87.00,64.76,65.03
1630746500,86.60,64.76,65.01
1630746560,86.10,64.76,64.98
1630746620,86.20,64.76,64.99
1630746680,86.30,64.94,65.19
1630746740,86.40,64.94,65.19
1630746800,86.70,65.12,65.41
1630746860,86.40,65.12,65.39
1630746920,86.00,65.12,65.37
1630746980,86.20,65.30,65.58
1630747040,86.30,65.30,65.59
1630747100,86.50,65.30,65.60
1630747160,86.60,65.30,65.60
1630747220,86.50,65.30,65.60
1630747280,86.50,65.48,65.79
1630747340,86.20,65.48,65.78
1630747400,86.10,65.66,65.97
1630747460,85.70,65.66,65.95
1630747520,86.00,65.66,65.97
1630747581,85.70,65.84,66.15
1630747641,86.60,65.84,66.19
1630747701,85.70,66.02,66.35
1630747761,85.60,66.02,66.35
1630747821,85.40,66.20,66.53
1630747881,85.50,66.20,66.54
1630747941,85.60,66.20,66.54
1630748001,85.50,66.38,66.74
1630748061,85.00,66.38,66.71
1630748121,85.40,66.56,66.93
1630748181,84.70,66.56,66.90
1630748241,84.70,66.74,67.09
1630748301,84.20,66.74,67.07
1630748361,84.90,66.92,67.30
1630748421,84.30,67.10,67.47
1630748481,85.10,67.28,67.71
1630748541,83.90,67.28,67.65
1630748601,85.00,67.46,67.90
1630748661,83.50,67.46,67.83
1630748721,83.40,67.64,68.02
1630748781,83.10,67.82,68.21
1630748841,83.00,68.00,68.40
1630748901,83.20,68.18,68.61
1630748961,82.60,68.36,68.78
1630749021,82.30,68.72,69.16
1630749081,81.80,69.08,69.53
1630749141,81.50,69.26,69.72
1630749201,82.90,69.62,70.18
1630749261,82.20,70.16,70.74
1630749322,80.60,70.52,71.06
1630749382,79.50,71.24,71.80
1630749442,78.20,72.14,72.73
1630749502,76.40,73.04,73.63
1630749562,74.90,73.94,74.55
1630749622,73.60,74.48,75.09
1630749682,73.40,74.84,75.47
1630749742,73.50,74.84,75.48
1630749802,73.30,74.66,75.27
1630749862,73.00,74.84,75.45
1630749922,72.90,75.20,75.85
1630749982,72.70,75.20,75.84
1630750042,72.70,75.20,75.84
1630750102,72.90,74.84,75.45
1630750162,73.30,74.48,75.07
1630750222,73.30,73.94,74.48
1630750282,74.60,73.76,74.34
1630750342,74.60,73.58,74.14
1630750402,75.40,73.40,73.98
1630750462,76.10,73.22,73.82
1630750522,75.90,73.04,73.61
1630750582,76.70,72.86,73.45
1630750642,76.60,72.86,73.45
1630750702,76.70,72.86,73.45
1630750762,76.30,72.86,73.43
1630750822,77.20,72.86,73.47
1630750882,76.90,72.68,73.26
1630750942,77.70,72.68,73.30
1630751003,76.90,72.68,73.26
1630751063,76.70,72.68,73.25
1630751123,76.40,72.68,73.24
1630751183,75.60,72.68,73.20
1630751243,75.60,72.68,73.20
1630751303,75.90,72.86,73.41
1630751363,75.20,72.86,73.38
1630751423,76.50,72.68,73.24
1630751483,77.30,72.68,73.28
1630751543,76.80,72.68,73.26
1630751603,76.90,72.68,73.26
1630751663,76.40,72.86,73.44
1630751723,75.90,72.86,73.41
1630751783,76.20,72.86,73.43
1630751843,77.10,73.04,73.67
1630751903,76.20,73.04,73.63
1630751963,76.80,73.04,73.65
1630752023,77.00,73.04,73.66
1630752083,76.70,73.22,73.85
1630752143,76.90,73.04,73.66
1630752203,76.90,73.22,73.86
1630752263,76.70,73.22,73.85
1630752323,76.70,73.22,73.85
1630752383,75.90,73.22,73.81
1630752443,75.70,73.22,73.80
1630752503,75.70,73.40,74.00
1630752563,75.30,73.40,73.98
1630752623,76.10,73.58,74.21
1630752684,75.70,73.58,74.20
1630752744,76.50,73.58,74.23
1630752804,76.30,73.76,74.42
1630752864,75.10,73.76,74.37
1630752924,75.70,73.94,74.59
1630752984,75.90,73.94,74.60
1630753044,75.80,73.94,74.60
1630753104,75.90,73.94,74.60
1630753164,75.50,74.12,74.78
1630753224,75.60,74.30,74.98
1630753284,75.40,74.30,74.97
1630753344,75.20,74.30,74.96
1630753404,74.50,74.48,75.13
1630753464,74.60,74.48,75.13
1630753524,74.20,74.66,75.31
1630753584,74.90,74.66,75.35
1630753644,74.60,74.84,75.53
1630753704,74.40,74.84,75.52
1630753764,72.80,75.02,75.64
1630753824,73.90,75.02,75.70
1630753884,73.80,75.20,75.89
1630753944,74.30,75.20,75.91
1630754004,71.90,75.20,75.80
1630754064,72.20,75.38,76.01
1630754124,72.20,75.56,76.21
1630754184,73.50,75.56,76.27
1630754244,73.50,75.74,76.47
1630754304,71.80,75.74,76.39
1630754365,73.00,75.74,76.45
1630754425,73.80,75.92,76.68
1630754485,72.50,75.92,76.62
1630754545,73.00,76.10,76.84
1630754605,71.30,76.10,76.76
1630754665,70.30,76.28,76.91
1630754725,71.30,76.46,77.16
1630754785,71.90,76.46,77.19
1630754845,71.70,76.64,77.37
1630754905,71.70,76.64,77.37
1630754965,72.10,76.82,77.59
1630755025,72.20,76.82,77.60
1630755085,72.30,77.18,78.00
1630755145,71.90,77.72,78.57
1630755205,70.90,78.44,80.67
1630755265,71.10,78.44,80.68
1630755325,68.60,78.62,80.79
1630755385,67.70,78.62,80.74
1630755445,69.40,78.62,80.84
1630755505,68.30,78.80,81.02
1630755565,70.00,78.80,81.13
1630755625,68.90,78.98,81.31
1630755685,68.80,79.16,81.56
1630755745,68.10,79.34,81.76
1630755805,67.90,79.34,81.74
1630755865,68.00,79.70,82.27
1630755925,68.10,79.70,82.28
1630755985,67.20,79.88,82.44
1630756045,67.30,80.24,82.99
1630756106,66.20,80.42,83.12
1630756166,66.60,80.42,83.17
1630756226,66.70,80.42,83.18
1630756286,64.60,80.60,83.16
1630756346,66.30,80.78,83.68
1630756406,66.30,81.32,84.53
1630756466,66.10,81.50,84.78
1630756526,65.50,81.68,84.96
1630756586,64.30,81.68,84.74
1630756646,66.10,82.04,85.68
1630756706,65.30,82.40,86.12
1630756766,65.00,82.94,86.99
1630756826,64.30,83.30,87.45
1630756886,63.80,83.66,87.96
1630756946,62.30,83.84,87.87
1630757006,62.60,84.02,88.27
1630757066,61.10,84.20,88.17
1630757126,61.80,84.38,88.69
1630757186,61.90,84.56,89.04
1630757246,61.10,84.92,89.45
1630757306,61.10,85.10,89.78
1630757366,59.30,85.28,89.53
1630757426,59.40,85.28,89.56
1630757486,60.60,85.46,90.29
1630757546,60.10,85.64,90.45
1630757606,59.60,85.82,90.62
1630757666,59.60,86.00,90.95
1630757727,59.50,86.00,90.92
1630757787,58.70,86.18,90.97
1630757847,58.20,86.18,90.79
1630757907,58.00,86.36,91.05
1630757967,58.10,86.72,91.77
1630758027,57.40,86.90,91.84
1630758087,57.20,87.26,92.45
1630758147,56.90,87.08,91.99
1630758207,56.90,86.72,91.32
1630758267,57.30,86.54,91.13
1630758327,56.80,86.18,90.31
1630758387,57.30,85.82,89.84
1630758447,58.20,85.46,89.50
1630758507,57.80,85.82,90.00
1630758567,57.90,86.00,90.36
1630758627,57.90,86.36,91.02
1630758687,58.50,86.72,91.92
1630758747,58.00,87.08,92.42
1630758807,58.00,87.26,92.77
1630758867,57.10,87.62,93.11
1630758927,57.40,87.80,93.59
1630758987,57.60,87.98,94.04
1630759047,56.80,88.16,94.05
1630759107,56.30,88.52,94.55
1630759167,56.90,88.52,94.82
1630759227,57.00,88.70,95.24
1630759287,56.10,88.88,95.19
1630759347,54.60,88.88,94.51
1630759407,55.10,88.88,94.73
1630759468,54.60,89.24,95.23
1630759528,54.60,89.42,95.59
1630759588,54.60,89.42,95.59
1630759648,55.30,89.60,96.30
1630759708,54.70,89.78,96.38
1630759768,54.30,90.14,96.93
1630759828,54.10,90.32,97.21
1630759888,54.10,90.32,97.21
1630759948,53.80,90.50,97.43
1630760008,54.50,90.50,97.80
1630760068,54.50,90.86,98.58
1630760128,54.00,90.86,98.31
1630760188,53.50,91.04,98.42
1630760248,53.80,90.86,98.20
1630760308,53.40,91.04,98.37
1630760368,53.30,90.68,97.55
1630760428,53.50,90.50,97.28
1630760488,54.00,90.50,97.54
1630760548,54.30,90.68,98.08
1630760608,54.10,90.86,98.36
1630760668,53.50,91.04,98.42
1630760728,53.60,91.04,98.48
1630760788,53.30,91.22,98.70
1630760848,53.20,91.22,98.65
1630760908,52.80,91.22,98.43
1630760968,52.20,91.22,98.11
1630761028,52.10,91.40,98.43
1630761089,51.60,91.40,98.16
1630761149,51.30,91.58,98.38
1630761209,51.30,91.58,98.38
1630761269,51.60,91.58,98.54
1630761329,51.80,91.76,99.03
1630761389,51.40,91.94,99.20
1630761449,51.30,91.94,99.14
1630761509,51.40,92.12,99.58
1630761569,52.20,92.12,100.04
1630761629,51.50,92.30,100.03
1630761689,51.80,92.30,100.21
1630761749,52.00,92.30,100.32
1630761809,51.10,92.30,99.80
1630761869,50.90,92.48,100.07
1630761929,50.90,92.66,100.46
1630761989,51.10,92.66,100.58
1630762049,50.60,92.66,100.29
1630762109,50.20,92.66,100.05
1630762169,50.20,92.66,100.05
1630762229,50.60,92.48,99.90
1630762289,51.60,92.66,100.88
1630762349,51.50,92.66,100.82
1630762409,51.20,92.84,101.04
1630762469,51.00,93.02,101.32
1630762529,51.00,92.84,100.92
1630762589,50.40,93.20,101.35
1630762649,49.80,93.38,101.38
1630762709,50.30,93.20,101.29
1630762770,50.10,93.20,101.17
1630762830,50.50,93.38,101.81
1630762890,50.00,93.38,101.50
1630762950,50.00,93.38,101.50
1630763010,49.40,93.38,101.14
1630763070,48.90,93.20,100.45
1630763130,49.00,93.20,100.51
1630763190,48.90,93.20,100.45
1630763250,48.90,93.38,100.83
1630763310,49.20,93.38,101.01
1630763370,48.70,93.20,100.33
1630763430,50.20,93.02,100.83
1630763490,50.10,93.20,101.17
1630763550,49.00,93.38,100.89
1630763610,49.20,93.56,101.41
1630763670,48.80,93.56,101.16
1630763730,50.20,93.56,102.03
1630763790,50.80,93.74,102.82
1630763850,49.80,93.74,102.18
1630763910,50.00,93.74,102.31
1630763970,49.50,94.10,102.80
1630764030,49.30,93.92,102.26
1630764090,50.30,94.10,103.32
1630764150,49.30,94.10,102.67
1630764210,49.20,94.10,102.60
1630764270,49.40,94.10,102.73
1630764330,49.40,94.10,102.73
1630764390,49.90,94.28,103.47
1630764451,50.00,94.46,103.95
1630764511,50.20,94.28,103.67
1630764571,50.30,94.28,103.73
1630764631,50.70,94.10,103.58
1630764691,50.50,94.10,103.45
1630764751,49.80,94.46,103.81
1630764811,49.10,94.46,103.35
1630764871,49.30,94.46,103.48
1630764931,48.80,94.46,103.15
1630764991,48.30,94.10,102.03
1630765051,49.20,94.10,102.60
1630765111,50.50,94.28,103.87
1630765171,49.60,94.46,103.68
1630765231,49.80,94.64,104.23
1630765291,50.20,94.46,104.08
1630765351,50.10,94.46,104.02
1630765411,49.70,94.64,104.16
1630765471,49.60,94.64,104.10
1630765531,49.10,94.64,103.76
1630765591,49.60,94.46,103.68
1630765651,48.90,94.64,103.62
1630765711,48.30,94.64,103.23
1630765771,49.10,94.64,103.76
1630765831,49.20,94.82,104.24
1630765891,49.10,94.82,104.17
1630765951,49.70,94.82,104.58
1630766011,49.00,94.82,104.10
1630766072,48.70,94.82,103.90
1630766132,48.90,94.82,104.04
1630766192,48.70,94.82,103.90
1630766252,48.10,94.82,103.50
1630766312,47.70,94.64,102.84
1630766372,47.80,94.82,103.30
1630766432,49.30,94.82,104.31
1630766492,49.00,95.00,104.52
1630766552,49.20,95.18,105.08
1630766612,48.90,95.18,104.87
1630766672,49.00,95.00,104.52
1630766732,49.40,95.00,104.80
1630766792,49.10,95.00,104.59
1630766852,49.00,95.18,104.94
1630766912,48.90,95.18,104.87
1630766972,49.10,95.18,105.01
1630767032,48.60,95.36,105.08
1630767092,48.30,95.36,104.87
1630767152,48.40,95.36,104.94
1630767212,48.40,95.54,105.36
1630767272,48.80,95.36,105.22
1630767332,48.30,95.36,104.87
1630767392,49.20,95.36,105.50
1630767452,48.50,95.54,105.43
1630767512,47.80,95.54,104.93
1630767572,48.10,95.54,105.14
1630767632,48.10,95.54,105.14
1630767692,48.40,95.54,105.36
1630767753,48.70,95.54,105.57
1630767813,48.70,95.72,105.99
1630767873,48.30,95.90,106.13
1630767933,48.00,95.90,105.91
1630767993,48.80,95.54,105.64
1630768053,49.20,95.54,105.93
1630768113,48.30,95.54,105.29
1630768173,48.90,95.36,105.29
1630768233,49.40,95.36,105.64
1630768293,49.10,95.54,105.86
1630768353,48.20,95.54,105.21
1630768413,47.90,95.36,104.59
1630768473,47.90,95.36,104.59
1630768533,48.70,95.18,104.73
1630768593,49.00,95.36,105.36
1630768653,48.90,95.72,106.14
1630768713,48.80,95.72,106.07
1630768773,48.50,95.72,105.85
1630768833,48.90,95.72,106.14
1630768893,48.40,95.54,105.36
1630768953,48.50,95.54,105.43
1630769013,47.80,95.72,105.35
1630769073,47.50,95.72,105.14
1630769133,46.90,95.72,104.72
1630769193,47.60,95.54,104.79
1630769253,48.40,95.54,105.36
1630769313,48.00,95.72,105.49
1630769373,47.60,95.72,105.21
1630769434,47.30,95.54,104.59
1630769494,47.80,95.54,104.93
1630769554,48.30,95.36,104.87
1630769614,47.80,95.54,104.93
1630769674,47.30,95.18,103.77
1630769734,47.80,95.18,104.11
1630769794,47.10,95.18,103.64
1630769854,47.20,95.18,103.71
1630769914,47.40,95.00,103.44
1630769974,46.90,95.00,103.11
1630770034,47.20,94.82,102.91
1630770094,48.10,94.64,103.10
1630770154,49.40,94.46,103.55
1630770214,49.00,94.46,103.28
1630770274,48.90,94.46,103.22
1630770334,48.20,94.46,102.76
1630770394,48.00,94.28,102.24
1630770454,48.80,93.92,101.95
1630770514,49.20,93.74,101.80
1630770574,48.00,93.92,101.45
1630770634,48.00,94.10,101.84
1630770694,48.40,93.92,101.70
1630770754,48.60,93.92,101.82
1630770814,49.30,93.74,101.86
1630770874,48.20,93.92,101.58
1630770934,47.90,94.10,101.78
1630770994,48.80,93.92,101.95
1630771055,49.50,93.92,102.39
1630771115,49.80,93.74,102.18
1630771175,49.50,93.92,102.39
1630771235,49.40,94.10,102.73
1630771295,49.90,94.10,103.06
1630771355,49.60,94.10,102.86
1630771415,49.20,94.28,103.01
1630771475,48.60,94.28,102.62
1630771535,48.60,94.28,102.62
1630771595,48.30,94.28,102.43
1630771655,47.60,94.28,101.98
1630771715,48.00,94.28,102.24
1630771775,48.90,94.28,102.81
1630771835,49.50,94.10,102.80
1630771895,49.40,94.10,102.73
1630771955,48.90,93.92,102.01
1630772015,48.60,93.92,101.82
1630772075,47.90,93.74,101.00
1630772135,48.50,93.38,100.60
